1936880
9003256
2308349
4640091
3556438
560110
4181280
245799
6375525
3983239
9005501
2953339
5597130
5167411
6174223
6920671
8696196
9636731
1635163
5760072
6776764
8742651
4631284
9519406
4979512
5127843
6830330
2529806
4241638
1464539
367617
4971537
9118770
1349076
9964559
5124139
8298202
7502030
9329721
6410809
9399360
7741395
9316599
8165923
719661
3806841
7104384
848654
4290502
2141115
5472742
5398914
1431766
1865332
1400061
3728349
4858105
6566744
6656652
9471248
8033528
4132306
851996
9231911
1724896
1145967
8284068
753674
9105263
8773445
5507010
2422235
745019
10230541
3126043
7249284
9670694
2904750
827079
7713052
5187144
8946666
6650692
4160635
1127242
5338329
9835063
5034444
5457891
6125434
6650692
8794521
8415080
7478635
4640091
3458769
4457536
4391762
508055
4153298
10311050
328510
8561137
2959115
5226826
10262658
8751560
7462654
680437
8365045
3062514
4705475
607119
7707669
3227398
6501353
6801992
9680571
2299725
3531726
850948
7248980
9520640
2992349
9732943
7906420
7486241
2983427
1181195
6625626
2246280
2376513
3264103
1270342
782844
2644920
9281462
8482206
3561114
6445915
3931362
3928616
7662325
8747449
9906183
3622673
5754519
9600918
216355
5999535
4631284
3731769
5513083
5930725
8276219
4640091
8696196
3605634
1750860
4517462
6371768
4913206
1060770
2904750
2488087
4369690
5861337
2029978
4387135
3527930
5708697
1162234
8047541
7998118
6197213
3299180
1845831
3780785
1849681
1735414
8325293
8033528
9863880
7997132
6048401
3495471
8687556
3227398
6921248
881035
8415080
3806841
3887155
7032111
216355
2846043
2012881
6830330
8307189
2713424
4949182
4300008
8512600
1190275
7088109
3389316
7184853
9743312
5430558
4369690
9808354
4170710
4949182
3429829
2851930
1065193
3999544
691664
3040578
8715363
8687556
5930725
7614872
1965505
5550555
6566744
4754916
4640091
6174223
8839125
2244829
4627264
2386120
4067161
6427511
4544199
8045555
2930413
8473489
299417
8678264
2526282
9026283
9680571
1876585
8105454
4631284
2627706
967311
8324707
9957175
8055429
7652109
4457536
4655565
7876964
124186
8932644
5044961
7998118
1519541
1261954
2115284
2725951
6290723
511660
1181195
9087977
5027625
8877562
329003
2653562
2016613
3169690
9618757
6772154
3363159
793701
2784219
3476848
6615104
1291851
4067161
6920671
9309810
2653562
2784219
1613495
5670881
7531185
3115004
7744861
7316141
3185496
8830060
4150261
8325293
2588778
9912538
5456895
9808354
7323062
7966677
3429829
2394274
5406934
10064022
3363159
6207721
5826667
7201202
7390039
9670694
4631284
9038339
9282594
5881226
9354766
9304196
441469
2462878
602494
2263994
3657055
9081439
411727
10036099
2895667
9770972
2370893
2930413
4201383
6207215
3363519
8512600
8222495
4226089
2457667
6174223
6600127
1795834
6985722
7756730
1622733
3248136
6776764
1158724
7724393
846261
7478635
3767202
10116924
7397895
22955
6485922
8364302
1412127
859681
6207215
3799537
7508239
10251065
8672066
0
8785916
9114328
2702942
3256108
9005501
3182686
1145967
6877721
4571787
7614514
508055
1226839
7251860
1196141
9614550
9455007
691664
3605634
4754916
2429404
0
921640
8196437
1065193
8514357
508055
8124892
1158724
3111288
1184450
4553129
0
1374353
7007789
1951905
2488874
7930883
0
3087708
6613358
8696196
5974750
8936889
6656652
2851930
9732005
6268569
1818724
6136012
8558131
8558131
4338669
2062359
9210070
3168013
1958101
2350124
2784701
691664
441469
307281
7614514
8785916
1953805
8696196
4529485
5335230
7629562
0
6945084
8589519
5507010
7930883
4788106
5839064
6675481
2784219
2462878
3572631
2335848
1431766
3610204
8325293
1194679
6772154
7414536
8891017
5953390
0
7251860
1211533
1065193
7760536
0
4226089
2335848
4357977
4858105
4771407
9231911
9990245
941420
8785916
8696196
7282947
7006795
4780410
6662066
0
8715591
8981639
0
4226089
10021220
1228021
6125434
8047541
1190275
9560150
4544199
0
7044351
8247804
6613358
617097
5776352
7354753
1619274
0
9455007
2312934
2488874
8330063
7573301
0
5627330
