6124786
26884078
7035722
13773364
10481550
1413201
11995307
30491050
18297213
11104845
25842651
7962942
15503253
14140410
16994201
19061792
24195074
26884078
3035764
15161149
17989247
23733528
11434175
25812971
12192306
12521638
17507627
4617441
9547398
1211727
28124975
11382796
23534258
366762
25755363
11276343
20484004
18096074
23733528
14691537
23374564
18347721
22837693
19351535
27424392
6235284
15812151
27442594
7328087
825505
10553124
10198769
29030723
29775148
28458757
4819739
7993424
12927135
13106010
21191810
16917107
5244614
25696196
20113393
27719588
26190254
16917107
24802868
19145922
18047062
8246393
29188194
24195074
22017561
732897
12776645
19804887
29881821
23635373
13134675
6084822
16590780
10407930
2657204
23805555
5916613
19100184
4819739
5925784
7751239
9229203
15442979
14220001
11721180
2801232
29378178
2000437
1664079
20317721
1025318
18835525
19433769
13433129
26925263
3232365
18096074
13485404
9547398
19622004
12654495
27840668
879417
18920947
11246841
26216602
5772573
6976513
14890313
23196093
26724909
18654743
7262878
14338105
24625293
14188534
8640294
7293570
24125923
17520500
5505332
21541021
21779112
24367804
18297213
16770455
22985049
11467155
8925998
24471746
2657204
25361184
25210810
5916613
10481550
12270261
23774491
29987222
11789866
13369485
30392860
26190254
23408256
28634712
29709157
7122235
24173611
7262878
22292912
16491557
25647556
30130588
25755363
14220001
19513602
18156012
24802868
27903446
16513147
23279982
20642848
27240384
13369485
3385967
2982876
27935007
19285675
14847625
20460671
14590828
14092685
3307242
2293701
7556208
1974364
26294375
17520500
3594255
17633896
28370405
10407930
2373486
18835525
17761461
28124975
6933845
15503253
12940433
27094384
2083119
14609182
21111615
19100184
573072
10662673
26925263
16590780
25501988
4209023
23313531
19513602
3994669
17507627
19662066
16255009
13246684
7833562
15871892
6483246
13302944
29936924
29709157
21502947
26372805
10901481
19996764
22442433
18156012
14503099
21361284
28306563
9229203
16438093
8368487
14469957
22384328
16472419
25953445
10692818
26884078
2680705
28124975
8944786
30130588
28143105
6650124
25062206
14609182
9862333
3516141
27543267
29869190
25270608
23985454
13290957
13720091
23100841
1464987
28225848
16053993
21386210
1707173
2801232
3973148
6888665
17674750
2827311
1210032
25270608
13131351
24402203
29239838
5745911
3710342
7035722
25817274
19248241
6408860
29709157
3973148
6920139
16014456
1281469
8571456
16921032
23919702
4068281
4258539
1209582
11789866
16420470
4795163
18417343
16994201
4689224
21273269
7293570
19533358
307347
23985454
10662673
22689906
15938914
19533358
6356119
0
9759180
23487416
3481885
11798217
10609503
16917107
14894444
21534755
6498104
19089196
20050318
10412579
20050318
21861690
22631068
29505881
24704302
26576307
2242582
21541021
22442433
20964384
2581035
19963972
0
29709157
3081468
8925998
3594255
15405774
17833283
2490948
27424392
8068609
4529109
25091745
10070466
12934449
21875526
1281469
8944786
25916174
11542503
22442433
11028349
29775148
18184649
10692818
22038521
7035722
12445791
22038521
21046414
5772573
30078742
9382686
17381117
11789866
17674750
12663118
13592594
24625293
2827311
12808079
25696196
18894832
3463052
26726317
8068609
16465427
19876459
6650124
18870615
13433129
12778952
17020072
23591847
29572278
20760174
13932244
20317721
7574862
17301337
8925998
14603183
7604558
14684783
22736633
16867377
26724909
15327144
17089221
3710342
18536212
20969433
6449888
14894444
21409284
0
7532253
29642957
8980578
0
20050318
10014536
29869190
16053993
26546512
4678527
6828349
21871414
17135780
6804448
16653310
16088066
17089221
17060127
11934100
11077610
12192306
0
5170018
19157388
4630280
22413301
28910972
2902950
12077135
26546512
7046120
24625293
0
26372805
26294375
27639620
15743631
14890313
22514872
11715926
11910468
18125927
0
10431726
26726317
0
4630280
23958338
6767136
27592390
9967285
9087708
28752943
6483246
17734300
12321280
18184649
19533358
19145922
2000437
1781996
10553124
0
30178670
25620906
0
18254223
22631068
6930124
29452483
0
4742733
13931853
434044
6779725
21111615
26190309
7293570
0
17833283
4837782
0
22552634
21577221
8571456
15629948
25492941
9902259
595753
29266183
12934449
9382686
22829551
23279982
2827311
16255009
22045457
5401913
8265739
13669805
5830256
19575821
11276343
11180785
15405774
22045457
8582351
10254876
3802147
26190254
26724909
18730343
8017927
17833283
23919702
25455846
9517828
25501988
22292912
19061792
3802147
0
20050318
9923159
20518590
17135780
8112807
21775013
4767528
7993424
21409284
11611362
16189766
25609372
309063
22792339
22159818
21046414
7844846
29530245
27794078
23954415
14507250
4486859
26374563
0
22106241
11857806
9242597
7595628
8944786
0
7628778
14609182
17833283
22995734
9759180
7727247
17739535
17020072
26625501
17438625
25017143
17833283
9229203
5429681
20745069
12331461
14257586
6319878
18374428
25514742
7593389
19827842
10553124
19533358
4928125
19061792
6650124
26118978
9242597
3232498
4209023
8112807
21601115
4486859
15966934
9242597
28188506
6408860
0
2473644
5952881
0
29174379
3463052
17301337
20672984
29266183
25455846
16053993
18449164
0
5348954
7958954
0
24464068
25062206
15992310
5525188
15744990
6930124
0
15629948
13559086
0
0
19513602
7993424
22271185
5772573
9644103
0
18742705
0
194465
11347954
5916613
15278061
21541021
15405774
2020075
20108622
28159406
19285675
28710441
26333603
15727753
7038315
5952881
11914403
18767221
0
21861690
19089196
10994477
4742733
14684783
13131351
7272714
8814898
10754156
1243732
10511521
16018223
0
8037748
16465427
2048526
22155601
16088066
17260258
16189766
0
28491500
25043648
0
11910468
22292912
23101560
0
21861690
6685117
0
29452483
9590722
24884693
7396925
27340741
0
10141130
4201506
12433147
4068281
4550874
7628778
6405331
0
10692818
22736633
0
13931853
10141130
16438093
1856227
5457969
7595628
11721180
2048526
0
16549436
0
0
9389838
7143605
19533358
0
15442979
28143105
26294375
17520500
16970624
27993399
17761461
28124975
16189766
11715926
9382686
8238612
5884167
0
16014456
15405774
20275814
0
1639266
5772573
13302944
8528240
22062654
15127843
6804448
17938161
0
9847716
19876459
9274237
0
16053993
5845644
0
17438625
5907389
10574651
0
14533206
20197828
7499717
14037554
7122235
25361184
24884693
10994477
21601115
25154357
12110854
3232498
16917107
17833283
21386210
11715926
18654743
0
26062014
0
4819739
10125056
7574862
13970258
0
23572540
8814898
27210070
1226186
26216602
19575821
26898659
5560972
19622004
21285156
23729569
22981305
9801775
6417900
15223379
18730343
15748035
3640738
5471548
20626292
13647939
20317721
24204824
13429820
18767221
17020072
22940536
10609503
24704302
21938664
24874200
0
0
20317721
10578744
9298743
26402566
4613053
24835438
18254223
23480201
8618197
9547398
26925263
9349690
12603553
15211399
0
5845644
13531787
5525188
17664205
5464427
0
0
29452483
20760174
25796290
14680750
16214208
20760174
0
10276904
0
0
7958954
16303950
0
21386210
19827842
6235284
0
0
8494261
22695954
17056352
0
11760260
8483292
7156825
6408860
0
25488843
11440203
0
6296876
17833283
12026676
20275814
1611706
30178670
23939751
2526360
13970150
0
17520500
22155601
25948056
4550874
14533206
6606280
23774491
17260258
16285290
25070550
25330920
21777433
21871414
0
21409284
13471899
0
13863212
12897887
20518590
21541021
0
14092685
14628652
16491557
10578744
0
0
0
7074274
0
10681750
22996136
4678527
0
17739535
7359505
22981305
14441755
25677326
15347441
25696196
16420470
30197536
0
24754839
0
15744990
29530245
10612520
11868571
24720106
16825235
27380821
9262173
12877977
6710425
26372805
422794
7449806
19575821
17833283
20745069
17301337
9547398
14793403
16549436
0
6920139
25306195
14005801
0
16548884
10276904
20291201
19676652
9100706
0
23774491
6231374
18311679
0
19061792
16994201
0
4961669
24464068
16189766
13433129
0
10957224
0
6322292
25488843
26402566
12452819
0
0
0
13970150
0
25306195
13531787
0
23313531
21871414
11798217
0
30197536
13471899
0
21534755
6319878
9152429
17542002
7977129
12147779
7143605
9504971
17060127
18243476
20141466
22413301
26062014
16772280
14609182
15956076
0
11784587
10551890
29378178
9697307
10236848
25492941
0
0
11079856
13302944
9847716
9547398
25330920
29188194
22514872
3187116
12934449
25696196
0
14441755
24396627
21900256
2097669
22360459
18754832
14835127
5525188
0
0
25953445
0
0
22388393
0
13885475
29332538
6343053
0
0
13885475
14747076
9594407
24464068
4713688
0
0
0
20851660
5907389
30112237
21655842
0
0
19622004
18243476
14380204
0
11347954
7593389
0
17020072
0
18297213
2753445
279523
13921116
0
21616141
2147439
0
0
11246841
8483292
7487537
0
16438093
0
9734097
22360459
10451383
23279982
0
0
8583703
0
30216596
26250245
0
16431425
22360459
16018223
0
2462474
0
26849815
0
0
0
24518202
24515345
20073002
10612520
699304
12331461
0
29188194
0
17113815
26625501
16422074
21448980
0
2753445
25488843
0
8836118
0
0
21471610
26216602
28306563
5081168
0
8836118
0
25070550
0
20502727
10681750
0
18654743
20667909
0
0
18468300
21027619
14257586
1874769
14894444
23547933
13932244
16770398
0
14132351
7593389
2534355
16825235
0
0
18638380
20108622
17438625
9600821
0
0
1141368
2034945
1253735
0
19876459
25488843
15471130
19067300
6187798
14974710
25062206
2289967
10827399
5060892
26250245
9734097
29572278
0
0
13433129
25091745
17945899
29109897
0
0
11169523
0
0
0
19636615
1704004
25488843
10754156
19676652
0
0
17520500
0
0
12166310
0
0
29266183
0
0
0
0
15178617
17313473
18503079
14082248
0
19636615
0
27210070
20718382
22360459
24351428
9454274
0
0
11816437
0
27869626
0
14441157
0
19827842
0
26402566
0
8791229
0
0
8937800
8706724
17945899
6205764
18815346
23774491
0
0
30252758
0
10991769
0
0
0
16285290
0
0
0
7390148
0
0
13531787
4938170
27641375
0
0
15178617
15427330
22547418
24025417
4619080
9664176
26070945
25330920
28896054
14315241
0
14479141
0
12321280
18754832
0
0
0
20335340
4348842
0
0
17706336
0
19827842
0
9239412
21230901
26062014
0
0
0
0
19513602
6029890
22017561
0
9148738
22547418
0
0
12927135
0
11789866
23547933
23845458
0
0
0
0
10761266
0
0
0
19088647
0
5468036
0
6789107
0
14835127
0
20275814
4348842
21655842
0
15405774
21474886
22062654
0
4348842
15264723
22577691
9953286
15263032
0
0
20901895
0
0
9995141
22881395
14250785
3638091
0
0
15680926
0
8583703
21474886
23313531
24176742
0
12273016
27592390
0
19513602
0
8583703
19190730
13113964
0
0
20057349
20057349
14132351
0
0
16079604
0
0
0
20591143
23591847
16213069
261124
0
1902387
0
0
18812137
1500003
0
14260736
15029813
0
989176
0
0
0
0
6092747
27639620
0
0
20263940
0
0
0
14061843
10361226
0
20745069
22981305
0
9754400
0
0
0
0
0
21935350
0
14979516
23939751
0
15575881
0
8937800
0
16626566
12897887
20108622
13028879
9697307
0
0
12331893
0
5555414
0
13970150
21935350
0
0
22940536
0
10451383
0
0
25696196
0
0
0
0
14064334
0
7144637
0
0
7364141
5216200
0
19061792
0
0
0
18894832
17020072
15040864
16032391
10574651
25696196
0
0
0
5060892
0
17438625
6720937
0
0
0
0
0
25036383
0
22304708
15040864
6962843
0
0
0
18654743
0
8860257
0
16548884
16572253
0
0
4521468
25260037
0
8725999
0
24720106
0
0
0
0
20928109
0
19061436
16465427
0
0
22304708
0
0
0
20667909
26333603
13921116
0
18654743
1736811
0
0
0
18488943
0
0
0
20317721
14250785
12756820
19190730
0
0
0
18184649
0
0
19157388
12273016
0
0
8202587
6316285
26625501
0
0
19157388
0
0
0
0
0
7916200
0
0
17945899
0
21230901
0
0
0
15040864
0
0
0
0
24754839
0
0
0
0
0
0
0
0
2856408
0
19241353
13913126
0
10272112
0
0
5991757
22304708
0
15092588
0
0
0
0
8494506
0
0
0
1736811
3253625
0
21476928
7486471
25036383
9754400
0
0
0
19241353
0
0
0
23845458
0
0
8553449
0
0
3149154
0
0
0
0
0
0
0
16422074
24136669
0
22981305
24704302
0
0
1994824
16140361
0
29332538
12461329
0
0
0
0
0
19622004
0
12388061
0
0
23919702
0
0
0
0
23845458
0
0
4089268
0
0
0
0
0
6437352
24396627
0
1203828
9604364
0
1471905
17802442
0
0
0
0
0
0
0
0
0
0
0
0
0
21616141
0
18503079
26062014
0
0
0
0
26062014
9649869
0
0
0
0
0
0
17982477
3253625
0
0
0
0
0
0
0
0
0
0
0
0
0
0
19022078
15264723
0
0
0
0
0
0
0
0
0
0
5530901
0
15681793
0
0
0
0
0
0
24658317
16140525
19022078
0
18267956
0
0
0
0
0
0
0
0
0
0
13456308
0
0
0
0
3634324
0
0
0
20197828
0
17446164
0
19022078
0
24658317
0
0
0
0
0
0
0
20171884
13719089
0
0
0
0
25262224
0
0
0
0
23313531
0
0
0
25036383
0
0
0
0
0
0
16853226
0
0
24754839
0
0
0
0
15161720
0
0
0
0
11283999
7916200
0
0
3711661
0
25260037
0
0
27461462
0
20306751
14970669
19427218
853727
0
0
0
0
0
0
0
0
0
0
0
0
25017143
0
0
0
0
0
0
0
0
14378812
25696196
21474886
0
0
0
0
0
0
0
0
0
0
0
0
0
0
0
0
0
25501988
0
0
0
0
0
0
0
0
0
0
0
0
0
0
0
0
0
0
0
2165195
0
0
0
0
0
0
21285571
9346903
0
0
0
0
0
0
0
0
0
0
29332538
0
0
0
0
0
0
0
0
18285029
0
0
0
0
0
0
0
0
27461462
0
0
0
0
0
0
0
0
0
0
0
0
0
0
0
0
0
0
0
0
0
0
27641375
0
0
0
0
17948959
0
0
0
0
0
0
0
0
0
17761380
0
0
0
0
0
0
0
0
0
0
0
0
0
19061436
0
0
0
0
0
0
0
0
0
0
9991910
0
0
0
0
0
0
0
0
14835127
0
0
0
0
0
0
0
0
0
0
0
0
0
0
0
0
0
0
0
9754400
0
0
0
0
0
0
0
0
0
0
0
0
0
0
0
0
0
0
0
0
0
0
0
0
0
0
0
0
0
0
0
0
0
0
0
0
0
0
0
0
0
0
0
0
0
0
0
0
0
0
0
0
0
0
0
0
0
0
0
0
0
0
0
0
0
0
0
0
0
0
0
0
0
0
0
0
0
0
0
0
0
0
0
0
0
0
0
0
0
0
0
0
0
0
0
0
0
0
0
0
0
0
0
0
0
0
0
0
0
0
0
0
0
0
0
0
0
0
0
0
0
0
0
0
0
0
0
0
0
0
0
0
0
0
0
0
0
0
0
0
0
0
0
0
0
0
0
0
0
0
0
0
0
0
0
0
0
0
0
0
0
0
0
0
0
0
0
0
0
0
0
0
0
0
0
0
0
0
0
0
0
0
0
0
0
0
0
0
0
0
0
0
0
0
0
0
0
0
0
0
0
0
0
0
0
0
0
0
0
0
0
0
0
0
0
0
0
0
0
0
0
0
0
0
0
0
0
0
0
0
0
0
0
0
0
0
0
0
0
0
0
0
0
0
0
0
0
0
0
0
0
0
0
0
0
0
0
0
0
0
0
0
0
0
0
0
0
0
0
0
0
0
0
0
0
0
0
0
0
0
0
0
0
0
0
0
0
0
0
0
0
0
0
0
0
0
0
0
0
0
0
0
0
0
0
0
0
0
0
0
0
0
0
0
0
0
0
0
0
0
0
0
0
0
0
0
0
0
0
0
0
0
0
0
0
0
0
0
0
0
0
0
0
0
0
0
0
0
0
0
0
0
0
0
0
0
0
0
0
0
0
0
0
0
0
0
0
0
0
0
0
0
0
0
0
0
0
0
0
0
0
0
0
0
0
0
0
0
0
0
0
0
0
0
0
0
0
0
0
0
0
0
0
0
0
0
0
0
0
0
0
0
0
0
0
0
0
0
0
0
0
0
0
0
0
0
0
0
0
0
0
0
0
0
0
0
0
0
0
0
0
0
0
0
0
0
0
0
0
0
0
0
0
0
0
0
0
0
0
0
0
0
0
0
0
0
0
0
0
0
0
0
0
0
0
0
0
0
0
0
0
0
0
0
0
0
0
0
0
0
0
0
0
0
0
0
0
0
0
0
0
0
0
0
0
0
0
0
0
0
0
0
0
0
0
0
0
0
0
0
0
0
0
0
0
0
0
0
0
0
0
0
0
0
0
0
0
0
0
0
0
0
0
0
0
0
0
0
0
0
0
0
0
0
0
0
0
0
0
0
0
0
0
0
0
0
0
0
0
0
0
0
0
0
0
0
0
0
0
0
0
0
0
0
0
0
0
0
0
0
0
0
0
0
0
0
0
0
0
0
0
0
0
0
0
0
0
0
0
0
0
0
0
0
0
0
0
0
0
0
0
0
0
0
0
0
0
0
0
0
0
0
0
0
0
0
0
0
0
0
0
0
0
0
0
0
0
0
0
0
0
0
0
0
0
0
0
0
0
0
0
0
0
0
0
0
0
0
0
0
0
0
0
0
0
0
0
0
0
0
0
0
0
0
0
0
0
0
0
0
0
0
0
0
0
0
0
0
0
0
0
0
0
0
0
0
0
0
0
0
0
0
0
0
0
0
0
0
0
0
0
0
0
0
0
0
0
0
0
0
0
0
0
0
0
0
0
0
0
0
0
0
0
0
0
0
0
0
0
0
0
0
0
0
0
0
0
0
0
0
0
0
0
0
0
0
0
0
0
0
0
0
0
0
0
0
0
0
0
0
0
0
0
0
0
0
0
0
0
0
0
0
0
0
0
0
0
0
0
0
0
0
0
0
0
0
0
0
0
0
0
0
0
0
0
0
0
0
0
0
0
0
0
0
0
0
0
0
0
0
0
0
0
0
0
0
0
0
0
0
0
0
0
0
0
0
0
0
0
0
0
0
0
0
0
0
0
0
0
0
0
0
0
0
0
0
0
0
0
0
0
0
0
0
0
0
0
0
0
0
0
0
0
0
0
0
0
0
0
0
0
0
0
0
0
0
0
0
0
0
0
0
0
0
0
0
0
0
0
0
0
0
0
0
0
0
0
0
0
0
0
0
0
0
0
0
0
0
0
0
0
0
0
0
0
0
0
0
0
0
0
0
0
0
0
0
0
0
0
0
0
0
0
0
0
0
0
0
0
0
0
0
0
0
0
0
0
0
0
0
0
0
0
0
0
0
0
0
0
0
0
0
0
0
0
0
0
0
0
0
0
0
0
0
0
0
0
0
0
0
0
0
0
0
0
0
0
0
0
0
0
0
0
0
0
0
0
0
0
0
0
0
0
0
0
0
0
0
0
0
0
0
0
0
0
0
0
0
0
0
0
0
0
0
0
0
0
0
0
0
0
0
0
0
0
0
0
0
0
0
0
0
0
0
0
0
0
0
0
0
0
0
0
0
0
0
0
0
0
0
0
0
0
0
0
0
0
0
0
0
0
0
0
0
0
0
0
0
0
0
0
0
0
0
0
0
0
0
0
0
0
0
0
0
0
0
0
0
0
0
0
0
0
0
0
0
0
0
0
0
0
0
0
0
0
0
0
0
0
0
0
0
0
0
0
0
0
0
0
0
0
0
0
0
0
0
0
0
0
0
0
0
0
0
0
0
0
0
0
0
0
0
0
0
0
0
0
0
0
0
0
0
0
0
0
0
0
0
0
0
0
0
0
0
0
0
0
0
0
0
0
0
0
0
0
0
0
0
0
0
0
0
0
0
0
0
0
0
0
0
0
0
0
0
0
0
0
0
0
0
0
0
0
0
0
0
0
0
0
0
0
0
0
0
0
0
0
0
0
0
0
0
0
0
0
0
0
0
0
0
0
0
0
0
0
0
0
0
0
0
0
0
0
0
0
0
0
0
0
0
0
0
0
0
0
0
0
0
0
0
0
0
0
0
0
0
0
0
0
0
0
0
0
0
0
0
0
0
0
0
0
0
0
0
0
0
0
0
0
0
0
0
0
0
0
0
0
0
0
0
0
0
0
0
0
0
0
0
0
0
0
0
0
0
0
0
0
0
0
0
0
0
0
0
0
0
0
0
0
0
0
0
0
0
0
0
0
0
0
0
0
0
0
0
0
0
0
0
0
0
0
0
0
0
0
0
0
0
0
0
0
0
0
0
0
0
0
0
0
0
0
0
0
0
0
0
0
0
0
0
0
0
0
0
0
0
0
0
0
0
0
0
0
0
0
0
0
0
0
0
0
0
0
0
0
0
0
0
0
0
0
0
0
0
0
0
0
0
0
0
0
0
0
0
0
0
0
0
0
0
0
0
0
0
0
0
0
0
0
0
0
0
0
0
0
0
0
0
0
0
0
0
0
0
0
0
0
0
0
0
0
0
0
0
0
0
0
0
0
0
0
0
0
0
0
0
0
0
0
0
0
0
0
0
0
0
0
0
0
0
0
0
0
0
0
0
0
0
0
0
0
0
0
0
0
0
0
0
0
0
0
0
0
0
0
0
0
0
0
0
0
0
0
0
0
0
0
0
0
0
0
0
0
0
0
0
0
0
0
0
0
0
0
0
0
0
0
0
0
0
0
0
0
0
0
0
0
0
0
0
0
0
0
0
0
0
0
0
0
0
0
0
0
0
0
0
0
0
0
0
0
0
0
0
0
0
0
0
0
0
0
0
0
0
0
0
0
0
0
0
0
0
0
0
0
0
0
0
0
0
0
0
0
0
0
0
0
0
0
0
0
0
0
0
0
0
0
0
0
0
0
0
0
0
0
0
0
0
0
0
0
0
0
0
0
0
0
0
0
0
0
0
0
0
0
0
0
0
0
0
0
0
0
0
0
0
0
0
0
0
0
0
0
0
0
0
0
0
0
0
0
0
0
0
0
0
0
0
0
0
0
0
0
0
0
0
0
0
0
0
0
0
0
0
0
0
0
0
0
0
0
0
0
0
0
0
0
0
0
0
0
0
0
0
0
0
0
0
0
0
0
0
0
0
0
0
0
0
0
0
0
0
0
0
0
0
0
0
0
0
0
0
0
0
0
0
0
0
0
0
0
0
0
0
0
0
0
0
0
0
0
0
0
0
0
0
0
0
0
0
0
0
0
0
0
0
0
0
0
0
0
0
0
0
0
0
0
0
0
0
0
0
0
0
0
0
0
0
0
0
0
0
0
0
0
0
0
0
0
0
0
0
0
0
0
0
0
0
0
0
0
0
0
0
0
0
0
0
0
0
0
0
0
0
0
0
0
0
0
0
0
0
0
0
0
0
0
0
0
0
0
0
0
0
0
0
0
0
0
0
0
0
0
0
0
0
0
0
0
0
0
0
0
0
0
0
0
0
0
0
0
0
0
0
0
0
0
0
0
0
0
0
0
0
0
0
0
0
0
0
0
0
0
0
0
0
0
0
0
0
0
0
0
0
0
0
0
0
0
0
0
0
0
0
0
0
0
0
0
0
0
0
0
0
0
0
0
0
0
0
0
0
0
0
0
0
0
0
0
0
0
0
0
0
0
0
0
0
0
0
0
0
0
0
0
0
0
0
0
0
0
0
0
0
0
0
0
0
0
0
0
0
0
0
0
0
0
0
0
0
0
0
0
0
0
0
0
0
0
0
0
0
0
0
0
0
0
0
0
0
0
0
0
0
0
0
0
0
0
0
0
0
0
0
0
0
0
0
0
0
0
0
0
0
0
0
0
0
0
0
0
0
0
0
0
0
0
0
0
0
0
0
0
0
0
0
0
0
0
0
0
0
0
0
0
0
0
0
0
0
0
0
0
0
0
0
0
0
0
0
0
0
0
0
0
0
0
0
0
0
0
0
0
0
0
0
0
0
0
0
0
0
0
0
0
0
0
0
0
0
0
0
0
0
0
0
0
0
0
0
0
0
0
0
0
0
0
0
0
0
0
0
0
0
0
0
0
0
0
0
0
0
0
0
0
0
0
0
0
0
0
0
0
0
0
0
0
0
0
0
0
0
0
0
0
0
0
0
0
0
0
0
0
0
0
0
0
0
0
0
0
0
0
0
0
0
0
0
0
0
0
0
0
0
0
0
0
0
0
0
0
0
0
0
0
0
0
0
0
0
0
0
0
0
0
0
0
0
0
0
0
0
0
0
0
0
0
0
0
0
0
0
0
0
0
0
0
0
0
0
0
0
0
0
0
0
0
0
0
0
0
0
0
0
0
0
0
0
0
0
0
0
0
0
0
0
0
0
0
0
0
0
0
0
0
0
0
0
0
0
0
0
0
0
0
0
0
0
0
0
0
0
0
0
0
0
0
0
0
0
0
0
0
0
0
0
0
0
0
0
0
0
0
0
0
0
0
0
0
0
0
0
0
0
0
0
0
0
0
0
0
0
0
0
0
0
0
0
0
0
0
0
0
0
0
0
0
0
0
0
0
0
0
0
0
0
0
0
0
0
0
0
0
0
0
0
0
0
0
0
0
0
0
0
0
0
0
0
0
0
0
0
0
0
0
0
0
0
0
0
0
0
0
0
0
0
0
0
0
0
0
0
0
0
0
0
0
0
0
0
0
0
0
0
0
0
0
0
0
0
0
0
0
0
0
0
0
0
0
0
0
0
0
0
0
0
0
0
0
0
0
0
0
0
0
0
0
0
0
0
0
0
0
0
0
0
0
0
0
0
0
0
0
0
0
0
0
0
0
0
0
0
0
0
0
0
0
0
0
0
0
0
0
0
0
0
0
0
0
0
0
0
0
0
0
0
0
0
0
0
0
0
0
0
0
0
0
0
0
0
0
0
0
0
0
0
0
0
0
0
0
0
0
0
0
0
0
0
0
0
0
0
0
0
0
0
0
0
0
0
0
0
0
0
0
0
0
0
0
0
0
0
0
0
0
0
0
0
0
0
0
0
0
0
0
0
0
0
0
0
0
0
0
0
0
0
0
0
0
0
0
0
0
0
0
0
0
0
0
0
0
0
0
0
0
0
0
0
0
0
0
0
0
0
0
0
0
0
0
0
0
0
0
0
0
0
0
0
0
0
0
0
0
0
0
0
0
0
0
0
0
0
0
0
0
0
0
0
0
0
0
0
0
0
0
0
0
0
0
0
0
0
0
0
0
0
0
0
0
0
0
0
0
0
0
0
0
0
0
0
0
0
0
0
0
0
0
0
0
0
0
0
0
0
0
0
0
0
0
0
0
0
0
0
0
0
0
0
0
0
0
0
0
0
0
0
0
0
0
0
0
0
0
0
0
0
0
0
0
0
0
0
0
0
0
0
0
0
0
0
0
0
0
0
0
0
0
0
0
0
0
0
0
0
0
0
0
0
0
0
0
0
0
0
0
0
0
0
0
0
0
0
0
0
0
0
0
0
0
0
0
0
0
0
0
0
0
0
0
0
0
0
0
0
0
0
0
0
0
0
0
0
0
0
0
0
0
0
0
0
0
0
0
0
0
0
0
0
0
0
0
0
0
0
0
0
0
0
0
0
0
0
0
0
0
0
0
0
0
0
0
0
0
0
0
0
0
0
0
0
0
0
0
0
0
0
0
0
0
0
0
0
0
0
0
0
0
0
0
0
0
0
0
0
0
0
0
0
0
0
0
0
0
0
0
0
0
0
0
0
0
0
0
0
0
0
0
0
0
0
0
0
0
0
0
0
0
0
0
0
0
0
0
0
0
0
0
0
0
0
0
0
0
0
0
0
0
0
0
0
0
0
0
0
0
0
0
0
0
0
0
0
0
0
0
0
0
0
0
0
0
0
0
0
0
0
0
0
0
0
0
0
0
0
0
0
0
0
0
