0
1
1
2
1
4
0
3
2
4
0
7
0
2
4
4
0
7
0
7
2
2
0
10
2
2
3
4
0
12
0
5
2
2
2
12
0
2
2
10
0
8
0
4
7
2
0
13
0
7
2
4
0
10
2
6
2
2
0
20
0
2
4
6
2
8
0
4
2
8
0
17
0
2
7
4
0
8
0
13
4
2
0
14
2
2
2
6
0
20
0
4
2
2
2
16
0
3
4
12
0
8
0
6
8
2
0
17
0
8
2
8
0
8
2
4
4
2
0
28
0
2
2
4
3
14
0
7
2
8
0
14
0
2
10
6
0
8
0
14
2
2
0
22
2
2
3
4
0
20
0
6
4
4
2
14
0
2
2
16
0
13
0
4
8
2
0
20
0
8
4
4
0
8
4
8
2
2
0
33
0
4
2
6
2
8
0
4
6
8
0
19
0
2
8
6
0
14
0
17
2
2
0
14
2
2
4
8
0
24
0
4
2
2
2
24
0
2
2
14
0
8
0
10
12
2
0
14
0
8
4
6
0
14
2
4
2
4
0
36
0
3
5
4
3
8
0
6
2
10
0
24
0
2
8
8
0
8
0
14
4
2
0
20
2
4
2
4
0
28
0
8
4
2
4
14
0
2
4
20
0
8
0
4
8
4
0
27
0
8
2
4
0
12
2
6
6
2
0
33
0
2
2
8
2
14
0
8
2
8
0
20
0
2
14
4
0
8
0
19
2
4
0
22
4
2
2
6
0
24
0
4
4
2
2
26
0
3
2
14
0
14
0
6
8
2
0
14
0
14
6
10
0
8
2
4
4
2
0
46
0
2
3
8
2
8
0
8
4
8
0
14
0
4
10
6
0
20
0
14
2
2
0
22
4
2
4
4
0
24
0
9
2
2
2
24
0
2
4
22
0
8
0
4
13
4
0
20
0
8
2
4
0
14
2
10
2
4
0
40
0
2
4
6
4
8
0
4
4
8
0
31
0
4
8
4
0
8
0
20
6
4
0
14
2
2
2
12
0
33
0
4
2
2
4
20
0
2
6
14
0
16
0
8
8
2
0
24
0
8
2
6
0
8
4
8
4
2
0
44
0
2
4
6
2
16
0
6
2
12
0
14
0
4
14
8
0
8
0
17
2
2
0
34
2
4
3
4
0
24
0
9
6
2
2
14
0
4
2
20
0
14
0
4
14
2
0
26
0
8
4
8
0
8
2
6
2
2
0
46
0
2
2
10
2
16
0
4
4
14
0
20
0
2
8
4
0
14
0
26
4
2
0
14
2
2
8
6
0
24
0
8
2
4
4
32
0
3
2
14
0
8
0
6
14
2
0
21
0
8
2
8
0
20
4
4
2
4
0
46
0
4
4
4
3
8
0
10
4
8
0
24
0
2
8
12
0
8
0
14
6
2
0
26
4
2
4
4
0
40
0
6
2
2
2
14
0
4
4
22
0
8
0
8
8
4
0
31
0
14
4
4
0
8
2
8
4
4
0
40
0
2
4
6
4
14
0
4
2
8
0
32
0
2
17
6
0
8
0
20
2
4
0
24
2
4
2
8
0
24
0
4
8
2
2
20
0
2
2
24
0
20
0
12
8
2
0
14
0
8
4
6
0
16
4
4
2
2
0
59
0
3
2
4
4
12
0
12
6
8
0
14
0
2
12
10
0
14
0
14
4
4
0
20
2
2
4
8
0
28
0
8
2
4
2
34
0
2
4
20
0
8
0
4
14
2
0
25
0
16
2
4
0
14
4
6
4
2
0
40
0
4
6
12
2
8
0
4
2
8
0
34
0
2
8
4
0
16
0
27
4
2
0
14
4
4
2
6
0
36
0
8
2
4
2
26
0
2
8
14
0
8
0
6
14
4
0
24
0
8
2
12
0
8
2
8
6
2
0
56
0
2
2
4
3
14
0
8
2
14
0
14
0
4
14
6
0
16
0
14
4
2
0
38
2
2
3
8
0
24
0
6
4
4
6
14
0
2
2
26
0
21
0
8
8
2
0
20
0
8
8
4
0
8
2
14
4
2
0
54
0
4
4
6
2
8
0
4
4
16
0
26
0
2
8
4
0
20
0
20
2
2
0
28
4
2
4
10
0
24
0
4
2
2
4
34
0
4
2
14
0
8
0
8
20
4
0
14
0
14
2
12
0
14
2
4
4
2
0
52
0
4
4
4
2
16
0
9
4
8
0
27
0
2
14
8
0
8
0
21
4
2
0
20
2
4
4
8
0
40
0
10
2
4
2
14
0
2
6
24
