1000
815 59 33 931 215 927 447 325 737 979 585 839 82 254 631 676 10 657 960 371 559 403 851 0 683 930 914 649 814 594 703 387 917 673 486 197 820 365 51 47 536 398 798 482 888 412 25 630 439 336 110 627 468 431 326 647 735 93 196 348 236 773 809 167 608 64 337 316 313 126 663 190 4 328 771 716 294 122 927 574 901 388 489 247 212 995 409 205 235 603 315 799 549 711 445 113 563 589 173 652 173 556 332 990 901 643 838 673 32 194 95 534 582 129 550 115 512 767 494 912 192 398 13 360 23 475 548 3 942 747 428 38 114 960 999 875 888 257 834 104 369 358 874 598 312 907 477 607 383 595 639 754 237 511 880 574 229 409 89 732 111 554 514 416 21 963 788 421 206 402 672 469 732 831 805 656 713 414 991 468 614 651 204 376 224 561 846 595 873 365 13 924 157 293 978 776 761 260 11 386 139 355 554 485 957 400 577 43 622 871 656 125 716 284 897 828 646 662 302 226 882 525 728 274 399 331 744 805 392 37 135 926 153 743 563 165 78 102 666 238 426 947 668 968 414 548 234 561 747 724 732 965 13 353 612 53 705 694 394 200 343 926 556 606 944 771 779 909 592 716 567 668 976 580 959 813 813 858 194 249 743 676 314 579 120 423 703 179 761 902 824 988 243 915 305 931 458 368 512 390 336 5 340 297 948 85 604 56 91 92 917 288 845 489 753 327 404 971 526 827 232 833 706 219 925 118 67 12 898 338 386 668 684 350 427 31 449 135 478 208 397 353 86 113 84 531 485 662 124 205 53 414 598 502 409 66 33 550 955 205 248 930 447 228 175 894 706 915 475 191 251 60 592 692 563 564 404 746 436 299 737 869 252 412 117 796 557 608 736 361 358 250 858 506 804 330 947 892 701 121 169 823 216 375 724 302 248 111 211 10 420 909 667 302 163 506 843 635 565 867 400 750 570 511 598 933 663 867 538 100 996 112 743 496 582 487 471 625 493 92 196 6 287 234 734 146 157 803 240 991 435 691 71 956 719 713 937 744 388 730 402 524 234 741 827 792 822 585 611 317 219 765 627 57 345 949 484 181 742 975 11 525 40 989 80 785 206 784 364 321 972 67 889 764 697 449 790 764 31 943 939 672 182 293 696 329 612 805 861 433 206 788 998 360 307 206 435 423 571 7 758 827 133 508 584 763 213 799 869 153 115 601 886 930 366 907 603 797 835 996 852 589 94 12 559 155 173 566 581 173 17 1 324 876 34 137 365 175 568 281 435 484 530 821 261 432 248 686 658 427 440 367 936 61 497 159 714 883 102 275 183 472 362 556 315 743 499 952 665 723 420 436 884 381 503 509 0 684 123 869 23 395 551 1000 275 222 357 736 171 208 575 35 947 651 872 255 432 718 284 786 293 609 226 885 601 976 451 15 474 816 658 190 389 645 508 999 901 664 578 728 399 914 708 844 376 425 163 854 622 935 809 337 624 812 850 44 497 492 561 127 949 845 756 398 823 960 84 229 679 734 449 689 686 643 958 704 755 717 247 267 946 991 181 758 443 847 584 521 538 398 311 863 119 644 611 11 0 563 767 176 692 942 748 750 654 857 422 640 682 964 459 698 313 646 766 213 105 878 389 720 440 28 374 531 373 70 178 49 735 821 143 388 353 382 197 487 900 15 617 138 219 115 688 465 523 567 90 846 651 174 673 949 321 578 682 674 852 748 543 974 939 892 790 199 974 294 424 683 78 415 576 466 644 125 845 399 372 387 344 222 309 571 41 114 65 992 439 364 114 538 44 438 727 557 540 697 500 887 308 730 929 653 208 620 826 87 665 374 455 282 214 477 522 258 89 604 794 462 105 383 132 806 609 346 579 267 772 380 2 338 868 949 369 731 568 717 999 736 81 680 516 424 345 360 409 431 108 167 277 316 374 278 301 829 510 735 726 624 104 812 434 730 981 254 288 424 715 233 157 781 911 787 646 590 743 542 667 742 843 679 809 945 665 210 84 996 97 570 720 558 488 125 86 71 887 93 329 650 992 121 923 562 336 152 746 400 953 44 485 515 313 340 290 160 107 358 976 49 265 506 584 272 857 457 108 585 887 741 824 41 121 13 867 842 883 694 468 355 108 485 820 62 28 655 734 576 262 892 68 229 970 918 440 728 183 226 873 865 985 596 967 319 733 381 362 599 548 135 547 241 627 626 969 546 424 922 313 332 830 596 456 549 998 378 921 443 125 421 14 465 152 10 498 516 343 654 194 597 573 610 
1000
1 554
1 578
1 262
1 935
1 455
1 992
1 384
1 199
1 670
1 169
1 119
1 757
1 258
1 84
1 74
1 128
1 441
1 887
1 740
1 606
1 659
1 925
1 789
1 808
1 431
1 896
1 927
1 356
1 842
1 702
1 806
1 892
1 509
1 817
1 230
1 536
1 678
1 532
1 153
1 730
1 348
1 479
1 890
1 305
1 345
1 886
1 34
1 599
1 669
1 867
1 259
1 560
1 123
1 840
1 74
1 696
1 248
1 994
1 988
1 617
1 843
1 6
1 90
1 501
1 118
1 253
1 158
1 888
1 683
1 29
1 573
1 71
1 986
1 848
1 280
1 307
1 871
1 317
1 899
1 526
1 616
1 203
1 513
1 38
1 243
1 306
1 949
1 469
1 470
1 386
1 514
1 149
1 281
1 442
1 353
1 34
1 507
1 227
1 598
1 589
1 388
1 977
1 965
1 969
1 941
1 387
1 818
1 959
1 426
1 249
1 561
1 8
1 909
1 200
1 775
1 932
1 590
1 672
1 25
1 730
1 734
1 397
1 891
1 515
1 128
1 132
1 230
1 167
1 567
1 650
1 930
1 880
1 259
1 221
1 884
1 1
1 989
1 754
1 183
1 477
1 274
1 291
1 115
1 417
1 357
1 560
1 184
1 477
1 846
1 667
1 769
1 472
1 978
1 661
1 338
1 975
1 847
1 553
1 923
1 348
1 934
1 189
1 284
1 21
1 897
1 551
1 354
1 490
1 81
1 474
1 46
1 224
1 782
1 170
1 505
1 777
1 859
1 85
1 512
1 344
1 239
1 785
1 673
1 729
1 291
1 300
1 821
1 752
1 621
1 121
1 563
1 298
1 363
1 435
1 188
1 948
1 747
1 874
1 776
1 146
1 739
1 233
1 585
1 732
1 543
1 908
1 499
1 622
1 469
1 70
1 6
1 698
1 402
1 523
1 433
1 67
1 474
1 157
1 702
1 536
1 689
1 376
1 929
1 863
1 438
1 820
1 265
1 967
1 804
1 393
1 50
1 250
1 897
1 621
1 782
1 284
1 139
1 731
1 269
1 289
1 420
1 731
1 51
1 374
1 810
1 232
1 120
1 918
1 359
1 590
1 442
1 862
1 567
1 884
1 33
1 724
1 425
1 996
1 359
1 408
1 726
1 46
1 74
1 295
1 668
1 736
1 961
1 315
1 205
1 990
1 635
1 240
1 979
1 124
1 598
1 111
1 953
1 557
1 576
1 751
1 729
1 769
1 720
1 287
1 707
1 211
1 150
1 771
1 771
1 73
1 972
1 276
1 488
1 363
1 594
1 959
1 733
1 726
1 598
1 421
1 389
1 588
1 443
1 445
1 890
1 797
1 402
1 142
1 256
1 613
1 102
1 569
1 542
1 257
1 404
1 572
1 874
1 518
1 873
1 818
1 218
1 0
1 705
1 211
1 612
1 695
1 854
1 957
1 452
1 224
1 597
1 694
1 539
1 640
1 476
1 679
1 811
1 219
1 561
1 373
1 989
1 637
1 382
1 506
1 793
1 196
1 137
1 318
1 908
1 786
1 351
1 452
1 195
1 684
1 643
1 614
1 816
1 335
1 95
1 219
1 102
1 55
1 786
1 428
1 346
1 379
1 899
1 102
1 170
1 229
1 795
1 347
1 701
1 158
1 599
1 996
1 159
1 9
1 370
1 418
1 522
1 936
1 676
1 796
1 308
1 485
1 1
1 290
1 867
1 964
1 675
1 389
1 522
1 147
1 354
1 497
1 517
1 598
1 165
1 920
1 872
1 361
1 780
1 630
1 78
1 178
1 666
1 214
1 291
1 248
1 154
1 435
1 805
1 12
1 577
1 98
1 463
1 605
1 93
1 952
1 816
1 817
1 712
1 356
1 498
1 122
1 183
1 855
1 163
1 557
1 405
1 544
1 471
1 604
1 853
1 461
1 450
1 555
1 346
1 996
1 814
1 101
1 905
1 305
1 597
1 148
1 287
1 384
1 512
1 733
1 246
1 66
1 907
1 810
1 527
1 14
1 202
1 852
1 606
1 335
1 770
1 848
1 655
1 369
1 86
1 48
1 978
1 188
1 630
1 966
1 697
1 476
1 625
1 713
1 518
1 724
1 669
1 620
1 239
1 476
1 223
1 218
1 916
1 39
1 969
1 770
1 821
1 445
1 901
1 722
1 997
1 144
1 306
1 144
1 186
1 507
1 517
1 480
1 541
1 445
1 627
1 297
1 710
1 268
1 476
1 155
1 22
1 589
1 637
1 888
1 774
1 324
1 662
1 515
1 128
1 386
1 577
1 290
1 56
1 973
1 275
1 137
1 5
1 42
1 472
1 862
1 265
1 130
1 745
1 671
1 388
1 807
1 31
1 28
1 23
1 171
1 948
1 868
1 547
1 907
1 400
1 437
1 469
1 391
1 106
1 830
1 922
1 643
1 773
1 966
1 695
1 459
1 454
1 223
1 886
1 931
1 15
1 944
1 10
1 10
1 783
1 435
1 664
1 423
1 451
1 457
1 776
1 228
1 569
1 513
1 493
1 440
1 522
1 696
1 630
1 199
1 220
1 30
1 997
1 20
1 910
1 714
1 251
1 156
1 66
1 617
1 45
1 880
1 965
1 746
1 301
1 754
1 123
1 341
1 263
1 1000
1 690
1 621
1 831
1 284
1 46
1 944
1 868
1 156
1 883
1 745
1 679
1 873
1 231
1 557
1 354
1 631
1 624
1 279
1 329
1 90
1 488
1 771
1 319
1 924
1 17
1 506
1 750
1 442
1 642
1 147
1 741
1 441
1 130
1 881
1 909
1 43
1 592
1 59
1 774
1 865
1 438
1 955
1 802
1 102
1 843
1 135
1 275
1 552
1 483
1 875
1 202
1 89
1 742
1 3
1 732
1 562
1 244
1 851
1 818
1 812
1 778
1 450
1 222
1 970
1 909
1 423
1 19
1 46
1 424
1 305
1 800
1 929
1 17
1 168
1 915
1 586
1 879
1 148
1 642
1 857
1 636
1 569
1 262
1 576
1 147
1 264
1 609
1 139
1 940
1 225
1 259
1 905
1 919
1 809
1 842
1 622
1 886
1 639
1 109
1 44
1 883
1 522
1 721
1 117
1 823
1 291
1 518
1 410
1 993
1 292
1 228
1 932
1 247
1 727
1 190
1 544
1 241
1 465
1 820
1 820
1 386
1 283
1 768
1 506
1 632
1 496
1 869
1 580
1 445
1 304
1 506
1 708
1 869
1 656
1 354
1 576
1 810
1 374
1 674
1 703
1 784
1 277
1 762
1 717
1 676
1 711
1 872
1 992
1 943
1 234
1 573
1 640
1 389
1 534
1 412
1 51
1 988
1 363
1 402
1 191
1 575
1 226
1 565
1 13
1 763
1 138
1 793
1 471
1 393
1 351
1 376
1 334
1 767
1 743
1 630
1 827
1 865
1 682
1 305
1 309
1 732
1 981
1 701
1 546
1 565
1 45
1 293
1 22
1 64
1 484
1 556
1 770
1 604
1 946
1 107
1 413
1 798
1 64
1 732
1 906
1 775
1 71
1 1
1 358
1 226
1 429
1 791
1 715
1 35
1 947
1 784
1 662
1 571
1 928
1 256
1 973
1 462
1 354
1 977
1 902
1 323
1 387
1 839
1 830
1 769
1 330
1 804
1 15
1 304
1 897
1 759
1 829
1 232
1 148
1 690
1 603
1 451
1 301
1 744
1 923
1 549
1 695
1 270
1 13
1 804
1 898
1 482
1 558
1 943
1 591
1 878
1 564
1 528
1 912
1 65
1 788
1 55
1 865
1 356
1 232
1 820
1 793
1 413
1 740
1 446
1 193
1 310
1 640
1 590
1 984
1 322
1 335
1 403
1 767
1 904
1 191
1 810
1 877
1 395
1 50
1 151
1 708
1 440
1 190
1 650
1 912
1 324
1 290
1 588
1 181
1 664
1 218
1 271
1 156
1 633
1 548
1 675
1 677
1 320
1 694
1 879
1 737
1 728
1 537
1 349
1 560
1 527
1 60
1 974
1 15
1 554
1 485
1 695
1 394
1 310
1 967
1 49
1 170
1 102
1 187
1 660
1 829
1 538
1 47
1 617
1 175
1 248
1 799
1 460
1 97
1 732
1 296
1 241
1 248
1 170
1 342
1 334
1 679
1 243
1 23
1 271
1 979
1 648
1 38
1 699
1 663
1 779
1 939
1 177
1 41
1 190
1 168
1 256
1 115
1 759
1 568
1 823
1 787
1 244
1 798
1 540
1 952
1 496
1 454
1 513
1 720
1 462
1 236
1 92
1 584
1 5
1 342
1 301
1 946
1 202
1 57
1 631
1 88
1 897
1 253
1 168
1 371
1 655
1 481
1 354
1 619
1 836
1 635
1 711
1 121
1 67
1 522
1 702
1 331
1 943
1 623
1 830
1 605
1 44
1 607
1 432
1 294
1 796
1 114
