1000
520 932 171 234 126 782 635 36 885 553 218 858 270 482 966 722 26 454 13 189 3 526 956 828 934 71 333 923 693 635 711 519 884 117 336 363 344 758 922 441 119 776 836 363 333 921 958 450 59 306 176 732 994 361 768 102 474 571 896 892 862 327 477 113 570 553 75 802 878 585 261 400 274 983 379 331 230 76 107 818 94 514 670 780 75 905 500 605 684 197 224 611 278 104 147 292 661 911 507 537 991 343 87 95 711 925 832 785 27 629 315 96 610 970 40 713 750 293 350 622 373 622 673 247 646 688 569 90 675 632 812 123 256 707 928 241 3 796 689 158 745 481 56 154 570 766 172 206 883 902 5 322 576 25 52 353 264 631 646 172 851 458 399 42 462 879 7 865 796 53 462 178 117 235 607 197 312 882 842 944 664 253 60 539 85 448 807 27 151 966 91 323 92 963 792 782 435 69 287 369 648 674 357 185 347 238 579 328 506 437 646 360 536 832 86 10 514 397 893 136 361 166 726 957 262 464 174 562 794 84 149 646 574 97 536 975 620 367 390 172 64 326 965 357 874 343 628 82 612 414 330 852 790 815 97 465 57 97 691 745 437 331 782 3 454 961 699 618 477 907 696 553 775 33 53 615 570 907 401 820 308 889 348 972 870 259 299 666 145 769 59 107 892 244 979 340 187 394 571 725 650 376 905 818 340 431 601 338 339 542 531 410 525 598 149 683 35 267 260 792 517 535 684 748 356 971 31 682 191 492 97 499 315 471 159 327 173 268 342 793 561 947 911 296 947 399 854 414 429 815 301 271 701 938 774 989 723 834 281 566 193 641 124 588 416 113 647 578 394 363 934 869 808 428 399 152 279 113 89 44 255 865 693 392 221 148 486 210 684 3 762 275 904 841 668 300 173 660 23 191 139 512 556 196 749 555 862 950 799 673 793 949 559 258 111 396 680 859 576 270 323 800 310 442 6 218 55 353 435 618 825 262 66 102 555 87 561 581 58 463 674 721 503 217 428 244 109 743 377 967 103 572 508 240 302 627 591 433 120 943 332 751 448 896 576 459 853 787 112 890 378 649 607 630 233 859 321 308 105 504 922 418 160 495 88 747 553 310 46 398 758 177 201 633 293 757 759 561 36 582 946 28 228 54 96 559 512 326 147 451 926 217 428 738 726 517 638 713 461 226 217 724 69 429 549 95 821 177 246 797 133 80 969 833 884 808 494 128 785 300 341 301 58 933 255 557 700 629 195 708 851 525 838 790 161 770 85 206 214 970 113 625 604 245 397 994 431 219 934 533 7 138 504 544 683 159 767 614 8 857 367 167 640 666 363 542 331 657 138 876 737 251 35 537 557 976 401 968 112 630 354 548 910 466 692 914 402 838 772 121 465 777 995 787 800 247 484 1 94 88 727 416 412 65 671 289 75 151 677 987 539 179 773 258 996 964 294 938 998 310 882 94 331 41 370 550 443 518 226 463 266 140 118 996 551 713 622 201 776 971 202 169 220 720 26 837 64 423 653 883 5 34 255 62 114 503 922 71 51 257 246 90 598 321 16 378 343 115 339 654 774 72 169 932 666 16 761 977 818 164 566 553 144 540 674 104 937 798 433 506 366 54 223 188 229 653 344 297 414 537 250 723 945 181 139 602 643 201 672 689 464 760 739 233 698 3 243 180 680 341 433 888 388 28 125 238 874 96 520 7 550 868 490 17 28 499 614 245 729 813 526 679 889 394 969 688 825 275 891 48 586 705 92 600 747 785 551 750 481 910 878 778 964 923 282 987 601 983 987 9 396 100 559 490 766 3 4 654 498 763 404 608 362 811 461 404 987 668 707 993 450 740 116 415 102 950 260 759 558 921 628 693 101 722 45 203 450 514 884 940 549 979 424 860 171 711 110 269 127 986 375 155 321 118 547 85 115 561 887 955 422 209 977 906 957 357 424 805 639 976 556 362 192 281 38 864 842 502 126 931 814 850 454 879 863 57 422 442 259 717 402 780 917 885 880 699 129 161 327 640 485 875 861 79 647 502 327 971 442 588 596 613 870 819 835 149 986 102 864 831 347 996 95 75 91 700 210 485 223 917 452 828 423 749 760 178 742 735 124 168 306 970 300 663 582 490 562 195 697 18 412 591 410 555 87 152 199 105 537 364 844 337 22 16 742 231 186 132 498 69 30 555 992 801 675 727 786 894 169 386 366 97 825 443 798 977 1 787 892 693 577 565 745 487 90 335 18 7 675 110 511 321 424 50 807 851 84 650 359 83 
1000
1 436
1 274
1 571
1 654
1 182
1 69
1 862
1 808
1 398
1 877
1 984
1 298
1 772
1 820
1 455
1 950
1 581
1 83
1 71
1 319
1 318
1 771
1 367
1 503
1 760
1 625
1 312
1 348
1 574
1 372
1 141
1 213
1 889
1 634
1 221
1 422
1 812
1 693
1 262
1 542
1 380
1 529
1 787
1 73
1 392
1 515
1 82
1 600
1 995
1 725
1 28
1 741
1 242
1 606
1 683
1 966
1 194
1 798
1 620
1 369
1 659
1 198
1 383
1 233
1 743
1 226
1 491
1 99
1 452
1 779
1 114
1 956
1 826
1 267
1 506
1 690
1 395
1 749
1 386
1 794
1 783
1 301
1 576
1 127
1 936
1 123
1 775
1 756
1 142
1 2
1 530
1 386
1 186
1 66
1 398
1 740
1 805
1 15
1 607
1 69
1 607
1 882
1 60
1 427
1 56
1 110
1 359
1 143
1 772
1 997
1 120
1 860
1 667
1 828
1 493
1 389
1 651
1 27
1 932
1 929
1 294
1 26
1 473
1 641
1 82
1 791
1 308
1 139
1 95
1 720
1 336
1 737
1 241
1 24
1 151
1 870
1 780
1 61
1 493
1 571
1 827
1 60
1 949
1 990
1 403
1 162
1 657
1 813
1 184
1 577
1 202
1 110
1 80
1 944
1 686
1 397
1 470
1 392
1 439
1 850
1 548
1 718
1 580
1 651
1 899
1 823
1 876
1 792
1 794
1 168
1 89
1 485
1 884
1 830
1 32
1 208
1 223
1 855
1 957
1 438
1 530
1 238
1 840
1 403
1 788
1 220
1 7
1 593
1 315
1 12
1 492
1 677
1 130
1 228
1 71
1 527
1 405
1 507
1 692
1 66
1 582
1 232
1 610
1 685
1 254
1 135
1 1
1 281
1 745
1 438
1 353
1 512
1 996
1 333
1 475
1 91
1 532
1 692
1 168
1 8
1 868
1 86
1 671
1 997
1 759
1 956
1 26
1 311
1 253
1 194
1 789
1 781
1 10
1 510
1 912
1 641
1 243
1 194
1 864
1 836
1 678
1 23
1 232
1 388
1 907
1 479
1 768
1 976
1 375
1 891
1 324
1 508
1 512
1 785
1 173
1 130
1 794
1 61
1 322
1 415
1 782
1 178
1 470
1 142
1 304
1 300
1 684
1 199
1 761
1 252
1 126
1 599
1 152
1 678
1 929
1 443
1 786
1 291
1 581
1 121
1 294
1 65
1 85
1 568
1 273
1 870
1 46
1 115
1 628
1 752
1 933
1 93
1 79
1 782
1 67
1 464
1 842
1 658
1 837
1 963
1 119
1 553
1 762
1 774
1 947
1 188
1 911
1 989
1 998
1 978
1 624
1 724
1 566
1 40
1 366
1 567
1 399
1 662
1 840
1 235
1 338
1 516
1 787
1 891
1 963
1 535
1 851
1 265
1 181
1 357
1 202
1 472
1 681
1 405
1 654
1 954
1 930
1 917
1 276
1 185
1 663
1 39
1 432
1 810
1 677
1 128
1 92
1 172
1 864
1 480
1 358
1 43
1 181
1 501
1 269
1 757
1 767
1 86
1 998
1 723
1 443
1 950
1 449
1 641
1 148
1 469
1 388
1 299
1 128
1 448
1 73
1 477
1 832
1 241
1 682
1 620
1 503
1 832
1 56
1 196
1 955
1 179
1 260
1 483
1 976
1 432
1 800
1 282
1 169
1 645
1 185
1 849
1 166
1 8
1 727
1 672
1 98
1 609
1 813
1 188
1 275
1 558
1 276
1 511
1 398
1 883
1 488
1 313
1 478
1 227
1 680
1 84
1 713
1 757
1 438
1 333
1 959
1 48
1 551
1 343
1 985
1 890
1 27
1 336
1 600
1 293
1 581
1 645
1 215
1 19
1 890
1 443
1 874
1 125
1 694
1 251
1 274
1 879
1 670
1 355
1 518
1 145
1 602
1 46
1 906
1 626
1 43
1 53
1 813
1 754
1 353
1 961
1 137
1 357
1 310
1 327
1 230
1 141
1 658
1 807
1 466
1 508
1 815
1 398
1 902
1 253
1 352
1 739
1 833
1 617
1 839
1 686
1 656
1 341
1 855
1 753
1 349
1 317
1 77
1 555
1 252
1 52
1 134
1 528
1 774
1 874
1 56
1 741
1 552
1 111
1 347
1 899
1 485
1 33
1 46
1 661
1 461
1 234
1 203
1 163
1 704
1 279
1 128
1 903
1 489
1 144
1 574
1 194
1 142
1 187
1 308
1 522
1 205
1 409
1 42
1 726
1 560
1 740
1 754
1 765
1 709
1 481
1 173
1 866
1 220
1 467
1 625
1 695
1 480
1 937
1 31
1 82
1 386
1 933
1 28
1 171
1 93
1 639
1 639
1 439
1 580
1 267
1 966
1 176
1 986
1 6
1 886
1 437
1 155
1 642
1 4
1 715
1 615
1 576
1 493
1 21
1 962
1 974
1 887
1 68
1 97
1 714
1 842
1 347
1 251
1 52
1 699
1 869
1 928
1 831
1 531
1 170
1 744
1 504
1 927
1 70
1 997
1 340
1 40
1 596
1 558
1 292
1 440
1 210
1 926
1 1
1 675
1 650
1 341
1 394
1 103
1 556
1 106
1 377
1 296
1 211
1 517
1 504
1 678
1 293
1 14
1 834
1 891
1 240
1 320
1 343
1 302
1 855
1 65
1 391
1 160
1 482
1 904
1 875
1 422
1 876
1 679
1 760
1 954
1 290
1 897
1 753
1 191
1 593
1 593
1 47
1 158
1 304
1 681
1 707
1 6
1 46
1 61
1 982
1 45
1 258
1 601
1 496
1 668
1 186
1 192
1 861
1 765
1 252
1 704
1 697
1 897
1 462
1 215
1 957
1 194
1 799
1 652
1 304
1 565
1 179
1 595
1 597
1 938
1 809
1 643
1 22
1 452
1 208
1 217
1 537
1 249
1 770
1 992
1 265
1 246
1 321
1 416
1 495
1 208
1 704
1 691
1 356
1 841
1 556
1 615
1 186
1 476
1 320
1 825
1 835
1 107
1 794
1 64
1 87
1 9
1 785
1 207
1 201
1 429
1 41
1 136
1 863
1 58
1 166
1 176
1 982
1 756
1 609
1 986
1 795
1 386
1 921
1 853
1 187
1 961
1 219
1 78
1 970
1 277
1 671
1 217
1 193
1 607
1 571
1 251
1 894
1 115
1 194
1 608
1 813
1 321
1 56
1 481
1 549
1 839
1 125
1 772
1 506
1 383
1 882
1 64
1 182
1 266
1 128
1 169
1 852
1 77
1 904
1 106
1 928
1 909
1 304
1 646
1 313
1 560
1 685
1 881
1 670
1 475
1 24
1 597
1 575
1 506
1 828
1 31
1 373
1 24
1 528
1 711
1 232
1 694
1 622
1 116
1 187
1 974
1 457
1 227
1 97
1 246
1 632
1 675
1 379
1 692
1 433
1 388
1 72
1 457
1 579
1 66
1 201
1 708
1 668
1 446
1 386
1 214
1 996
1 397
1 953
1 681
1 569
1 206
1 170
1 753
1 354
1 816
1 562
1 320
1 796
1 748
1 880
1 785
1 166
1 676
1 891
1 83
1 945
1 244
1 734
1 167
1 825
1 954
1 645
1 265
1 422
1 242
1 437
1 231
1 831
1 607
1 393
1 354
1 524
1 934
1 538
1 619
1 345
1 959
1 514
1 311
1 440
1 299
1 9
1 857
1 662
1 503
1 810
1 634
1 94
1 353
1 589
1 62
1 296
1 431
1 378
1 611
1 813
1 736
1 596
1 487
1 814
1 131
1 726
1 251
1 813
1 351
1 141
1 674
1 45
1 696
1 293
1 254
1 853
1 729
1 856
1 393
1 312
1 826
1 764
1 379
1 432
1 256
1 928
1 240
1 611
1 771
1 234
1 339
1 831
1 258
1 381
1 614
1 553
1 476
1 85
1 150
1 966
1 733
1 83
1 122
1 415
1 336
1 436
1 204
1 727
1 290
1 258
1 525
1 581
1 902
1 515
1 486
1 910
1 812
1 370
1 917
1 570
1 73
1 621
1 615
1 47
1 424
1 870
1 950
1 489
1 94
1 566
1 838
1 325
1 752
1 729
1 101
1 687
1 630
1 871
1 142
1 691
1 606
1 178
1 556
1 588
1 344
1 456
1 748
1 119
1 952
1 620
1 541
1 219
1 594
1 169
1 143
1 117
1 512
1 813
1 561
1 806
1 885
1 716
1 970
1 383
1 189
1 773
1 604
1 217
1 359
1 898
1 353
1 278
1 791
1 341
1 233
1 966
1 189
1 203
1 914
1 413
1 746
1 61
1 86
1 141
1 561
1 967
1 968
1 572
1 177
1 615
1 162
1 75
1 512
1 658
1 564
1 999
1 583
1 464
1 442
1 935
1 523
1 38
1 132
1 986
1 682
1 735
1 825
1 877
