1000
135 861 685 758 983 746 36 271 609 862 802 383 111 278 204 782 366 824 544 256 466 167 854 141 135 859 887 16 615 47 946 611 900 772 897 68 491 52 632 156 206 186 231 73 420 336 274 138 433 855 171 40 399 209 808 362 876 815 655 447 630 331 511 664 836 28 129 639 74 27 764 324 415 769 782 389 180 666 799 165 469 227 197 899 36 337 647 25 149 709 409 788 386 294 727 366 630 646 614 367 379 654 543 765 641 739 976 72 449 710 221 626 604 387 383 502 610 864 639 122 197 186 973 633 659 801 869 626 556 916 885 441 432 580 238 908 493 583 650 854 17 183 128 888 650 86 470 782 328 721 76 225 964 933 396 562 568 414 833 539 998 436 786 94 416 90 650 429 717 580 698 431 404 410 604 133 886 58 969 578 670 418 657 762 331 176 843 444 1000 865 715 638 138 904 123 203 360 98 525 372 386 300 748 463 562 17 108 362 535 433 423 390 584 409 745 882 273 708 814 233 513 827 507 206 324 457 545 367 673 479 641 392 345 313 337 152 605 312 187 647 169 489 620 666 423 94 694 354 647 393 291 183 14 718 309 892 376 654 449 687 82 211 111 627 707 642 245 124 603 701 466 662 47 970 641 616 92 80 146 411 83 907 783 652 939 881 324 203 13 863 533 908 720 914 119 673 994 264 691 551 838 529 448 855 638 574 362 130 193 249 727 103 473 421 996 675 11 128 317 407 411 188 470 392 150 138 66 223 105 29 626 800 496 87 42 842 558 684 507 842 876 524 461 779 779 471 851 530 619 653 698 408 535 303 59 113 293 597 490 529 517 253 586 136 416 881 36 190 594 836 292 473 930 61 781 113 312 44 44 778 588 144 747 825 29 778 23 410 908 138 626 52 672 179 791 910 215 332 144 418 911 414 374 701 119 897 934 468 358 330 948 141 744 672 48 870 812 735 63 606 705 835 986 861 69 307 412 13 890 551 880 202 442 502 168 114 198 720 212 768 720 750 149 787 828 673 270 105 181 576 743 1 532 85 61 149 472 358 925 73 118 333 631 841 920 763 347 904 821 734 238 405 312 913 337 777 243 800 222 401 504 648 362 155 786 661 785 547 218 420 304 757 816 270 301 405 600 711 233 241 150 573 896 770 325 675 927 498 123 691 58 823 962 417 12 390 581 335 554 279 108 90 995 339 935 687 745 557 467 993 397 18 316 112 164 764 401 167 678 771 638 317 803 720 258 255 980 149 339 663 720 1000 350 192 383 74 840 816 864 315 485 694 422 72 138 229 106 990 660 361 400 950 838 204 996 370 761 789 26 287 887 57 364 401 584 258 21 935 273 691 270 514 428 953 853 774 837 491 31 525 309 301 421 352 319 693 766 20 992 238 186 965 518 419 196 890 491 891 476 407 693 14 193 468 2 736 604 278 143 124 177 589 927 217 148 323 509 371 965 962 391 879 949 527 945 644 559 277 89 160 854 563 42 218 191 705 997 244 893 634 762 93 883 634 677 822 290 194 149 962 753 664 241 410 855 540 486 736 690 854 313 454 893 981 165 100 155 481 474 496 907 312 265 372 610 423 17 972 262 516 575 110 969 960 411 953 931 354 719 532 63 535 551 923 319 220 357 781 788 204 532 244 99 82 579 388 146 646 700 351 835 815 83 76 442 492 340 320 676 31 796 435 906 442 791 320 31 794 623 667 593 563 62 872 751 699 233 569 262 529 204 858 515 101 724 452 813 739 532 26 188 231 839 108 802 164 569 947 295 281 515 630 595 879 773 907 916 970 419 448 856 673 119 158 157 534 958 595 498 376 960 448 257 449 97 392 454 46 414 680 181 184 237 777 425 570 456 367 532 390 347 793 82 377 934 410 534 969 752 101 628 725 652 469 637 273 999 737 382 506 787 882 800 156 822 9 637 552 795 754 721 899 43 136 101 841 199 783 806 894 600 342 756 994 308 773 605 121 244 673 714 892 48 670 738 814 782 891 348 868 12 373 224 20 669 476 873 14 396 825 682 814 372 575 45 77 368 730 257 189 220 480 492 683 620 340 682 206 785 376 848 29 329 221 926 836 832 25 334 893 306 19 63 799 546 218 693 816 946 678 980 484 244 581 740 723 697 336 772 668 619 906 898 661 997 579 684 196 613 867 191 219 767 548 425 626 470 613 372 907 860 341 469 253 192 384 199 46 309 714 626 837 719 408 263 651 905 853 9 991 216 504 195 65 819 447 836 6 84 924 314 839 50 464 934 313 533 241 978 647 
1000
1 277
1 111
1 589
1 519
1 749
1 919
1 563
1 471
1 194
1 759
1 592
1 11
1 944
1 141
1 843
1 600
1 363
1 712
1 320
1 901
1 668
1 368
1 105
1 86
1 200
1 799
1 836
1 747
1 301
1 426
1 347
1 544
1 327
1 636
1 667
1 426
1 622
1 688
1 49
1 381
1 878
1 946
1 732
1 567
1 245
1 538
1 925
1 452
1 464
1 612
1 260
1 136
1 396
1 111
1 318
1 162
1 816
1 776
1 7
1 702
1 995
1 327
1 347
1 457
1 54
1 167
1 93
1 999
1 142
1 899
1 16
1 957
1 448
1 755
1 292
1 465
1 927
1 610
1 796
1 395
1 873
1 328
1 225
1 841
1 557
1 94
1 402
1 87
1 285
1 630
1 979
1 950
1 613
1 446
1 30
1 141
1 305
1 756
1 223
1 99
1 114
1 920
1 957
1 899
1 250
1 70
1 131
1 164
1 674
1 368
1 314
1 954
1 794
1 83
1 557
1 639
1 137
1 7
1 410
1 628
1 706
1 131
1 467
1 109
1 15
1 43
1 796
1 698
1 755
1 823
1 37
1 26
1 91
1 206
1 864
1 948
1 313
1 733
1 1
1 943
1 161
1 235
1 483
1 924
1 22
1 85
1 996
1 618
1 440
1 662
1 506
1 465
1 268
1 687
1 497
1 441
1 547
1 676
1 217
1 736
1 26
1 746
1 470
1 835
1 92
1 628
1 727
1 319
1 371
1 773
1 640
1 219
1 112
1 815
1 740
1 226
1 183
1 849
1 849
1 449
1 315
1 691
1 621
1 263
1 845
1 868
1 898
1 755
1 750
1 371
1 190
1 873
1 394
1 829
1 115
1 721
1 711
1 436
1 116
1 151
1 668
1 325
1 292
1 522
1 271
1 941
1 760
1 822
1 376
1 645
1 436
1 354
1 542
1 670
1 415
1 17
1 487
1 962
1 306
1 741
1 273
1 10
1 135
1 910
1 693
1 744
1 668
1 315
1 32
1 973
1 167
1 885
1 919
1 749
1 13
1 197
1 841
1 982
1 418
1 943
1 86
1 668
1 474
1 698
1 217
1 296
1 398
1 53
1 547
1 629
1 782
1 256
1 994
1 772
1 296
1 628
1 708
1 122
1 303
1 214
1 130
1 991
1 682
1 438
1 493
1 327
1 457
1 733
1 602
1 364
1 234
1 475
1 570
1 215
1 512
1 747
1 717
1 822
1 847
1 795
1 793
1 957
1 806
1 121
1 509
1 831
1 117
1 139
1 400
1 51
1 329
1 211
1 600
1 630
1 106
1 120
1 321
1 448
1 641
1 727
1 828
1 871
1 491
1 818
1 351
1 547
1 316
1 792
1 616
1 237
1 28
1 879
1 437
1 486
1 318
1 154
1 736
1 425
1 422
1 153
1 240
1 189
1 681
1 744
1 849
1 850
1 919
1 338
1 17
1 989
1 332
1 859
1 249
1 693
1 940
1 638
1 79
1 109
1 846
1 532
1 539
1 596
1 800
1 861
1 257
1 130
1 559
1 486
1 605
1 412
1 6
1 418
1 435
1 686
1 246
1 737
1 478
1 290
1 531
1 711
1 641
1 483
1 162
1 155
1 706
1 939
1 913
1 260
1 697
1 719
1 362
1 775
1 184
1 34
1 44
1 338
1 182
1 494
1 253
1 537
1 244
1 794
1 452
1 952
1 846
1 881
1 839
1 323
1 877
1 238
1 736
1 986
1 17
1 573
1 861
1 342
1 999
1 478
1 834
1 313
1 363
1 149
1 139
1 143
1 126
1 430
1 377
1 913
1 851
1 372
1 315
1 928
1 363
1 488
1 399
1 694
1 894
1 685
1 312
1 210
1 510
1 277
1 89
1 3
1 923
1 388
1 170
1 845
1 651
1 921
1 267
1 636
1 149
1 103
1 847
1 406
1 312
1 719
1 997
1 48
1 670
1 929
1 701
1 124
1 686
1 706
1 780
1 93
1 420
1 31
1 591
1 925
1 714
1 194
1 142
1 824
1 841
1 981
1 966
1 83
1 33
1 729
1 686
1 254
1 162
1 384
1 725
1 968
1 439
1 188
1 663
1 838
1 526
1 286
1 374
1 880
1 869
1 600
1 259
1 607
1 976
1 981
1 407
1 401
1 464
1 633
1 768
1 419
1 494
1 775
1 218
1 793
1 738
1 188
1 64
1 232
1 985
1 550
1 758
1 993
1 669
1 71
1 68
1 524
1 688
1 493
1 965
1 355
1 678
1 709
1 84
1 345
1 348
1 494
1 915
1 212
1 489
1 61
1 131
1 809
1 613
1 622
1 117
1 526
1 611
1 262
1 369
1 112
1 849
1 287
1 594
1 316
1 947
1 454
1 553
1 332
1 254
1 966
1 665
1 85
1 103
1 128
1 799
1 723
1 599
1 960
1 690
1 158
1 449
1 152
1 129
1 483
1 784
1 92
1 781
1 713
1 757
1 565
1 154
1 620
1 757
1 183
1 714
1 679
1 30
1 245
1 424
1 731
1 741
1 345
1 421
1 421
1 859
1 897
1 881
1 633
1 644
1 753
1 502
1 773
1 319
1 965
1 508
1 649
1 949
1 864
1 626
1 953
1 91
1 0
1 2
1 257
1 984
1 254
1 344
1 48
1 608
1 561
1 252
1 726
1 372
1 931
1 837
1 328
1 975
1 437
1 983
1 151
1 493
1 291
1 688
1 166
1 884
1 55
1 247
1 966
1 204
1 304
1 615
1 337
1 725
1 683
1 962
1 266
1 392
1 766
1 582
1 859
1 683
1 373
1 719
1 918
1 878
1 657
1 819
1 674
1 761
1 731
1 197
1 867
1 309
1 11
1 331
1 740
1 332
1 513
1 118
1 686
1 92
1 238
1 46
1 159
1 83
1 846
1 458
1 811
1 940
1 761
1 147
1 389
1 806
1 476
1 744
1 272
1 465
1 153
1 289
1 350
1 462
1 437
1 406
1 636
1 962
1 10
1 648
1 94
1 697
1 752
1 213
1 393
1 185
1 859
1 110
1 557
1 612
1 281
1 155
1 93
1 532
1 303
1 717
1 941
1 665
1 871
1 503
1 967
1 990
1 501
1 828
1 920
1 902
1 127
1 77
1 709
1 357
1 754
1 215
1 145
1 292
1 479
1 384
1 507
1 538
1 523
1 953
1 692
1 213
1 721
1 240
1 57
1 458
1 117
1 156
1 282
1 586
1 415
1 24
1 832
1 871
1 624
1 584
1 320
1 918
1 140
1 914
1 373
1 83
1 401
1 361
1 626
1 100
1 669
1 219
1 922
1 319
1 838
1 641
1 191
1 313
1 550
1 691
1 303
1 100
1 294
1 636
1 231
1 384
1 522
1 573
1 475
1 212
1 401
1 457
1 247
1 283
1 547
1 406
1 454
1 173
1 832
1 11
1 943
1 682
1 89
1 418
1 188
1 531
1 719
1 550
1 997
1 944
1 178
1 573
1 734
1 997
1 884
1 71
1 954
1 67
1 343
1 934
1 41
1 560
1 700
1 740
1 597
1 880
1 278
1 102
1 372
1 426
1 234
1 723
1 610
1 145
1 128
1 444
1 162
1 120
1 571
1 330
1 868
1 6
1 491
1 889
1 731
1 390
1 128
1 43
1 491
1 228
1 92
1 481
1 61
1 965
1 429
1 558
1 110
1 73
1 84
1 843
1 381
1 122
1 816
1 267
1 164
1 263
1 851
1 493
1 704
1 950
1 990
1 764
1 707
1 515
1 491
1 489
1 594
1 295
1 372
1 697
1 261
1 739
1 597
1 85
1 847
1 219
1 252
1 51
1 82
1 696
1 393
1 670
1 213
1 455
1 444
1 611
1 817
1 392
1 174
1 875
1 800
1 916
1 406
1 465
1 318
1 500
1 475
1 521
1 665
1 940
1 919
1 191
1 233
1 135
1 365
1 144
1 238
1 768
1 757
1 962
1 950
1 891
1 20
1 535
1 519
1 119
1 824
1 490
1 415
1 168
1 373
1 133
1 8
1 391
1 214
1 799
1 265
1 922
1 210
1 331
1 290
1 462
1 525
1 818
1 783
1 539
1 758
1 845
1 680
1 86
1 372
1 186
1 315
1 821
1 867
1 94
1 255
1 822
1 416
1 186
1 830
1 422
1 130
1 809
1 360
1 134
1 527
1 522
1 520
1 586
1 323
1 911
1 206
1 305
1 791
1 964
1 661
1 614
1 491
1 464
1 709
1 392
1 543
1 782
1 484
1 372
1 981
1 529
1 324
1 916
1 339
1 845
1 339
1 774
1 780
1 819
1 546
1 733
1 293
1 228
1 221
1 787
1 259
1 750
1 191
1 589
1 536
1 502
1 375
1 958
1 691
1 948
1 341
1 761
1 581
1 526
1 20
1 218
1 61
1 340
1 79
1 522
1 83
1 975
1 332
1 652
1 686
1 583
1 85
