1000
454 838 466 258 210 671 938 792 598 112 375 623 1 155 381 458 250 381 836 359 959 42 928 841 852 749 949 655 781 656 731 779 988 77 206 61 511 900 693 659 7 494 121 203 570 488 742 628 887 643 877 218 314 532 342 553 434 143 728 155 32 580 352 341 972 824 185 837 445 329 461 457 548 137 618 182 897 584 694 912 586 712 247 868 536 643 414 923 583 667 141 578 338 746 372 926 515 640 844 954 411 850 412 206 775 887 456 502 630 948 205 749 566 679 165 559 54 19 533 821 954 857 711 39 946 389 872 86 133 471 222 706 611 84 955 822 811 18 531 50 99 788 127 797 935 606 283 97 563 524 578 51 898 319 441 420 619 282 661 510 104 707 776 177 881 755 426 278 377 775 711 505 527 517 942 288 104 498 731 540 378 889 361 98 807 997 86 313 289 606 624 353 24 678 241 480 906 490 162 310 430 799 825 390 653 429 145 975 327 245 371 408 313 409 17 398 349 507 774 746 474 670 751 932 899 771 889 220 114 135 733 101 79 980 943 166 143 675 413 446 769 463 973 60 569 69 880 216 724 378 218 500 262 246 285 814 646 376 593 544 699 67 105 133 402 669 812 959 113 704 429 785 853 777 544 844 100 325 439 934 999 899 466 105 40 539 913 964 457 724 156 87 280 575 351 431 686 927 800 117 358 394 934 160 860 770 389 803 564 390 198 549 900 915 208 392 374 317 765 198 795 784 974 118 435 309 54 776 72 171 932 983 967 840 884 151 133 56 327 527 816 777 15 280 76 228 850 340 540 612 322 556 556 788 360 547 954 23 924 815 24 407 501 910 550 400 90 672 949 511 724 293 741 431 253 878 188 500 18 968 442 861 147 204 297 963 694 825 53 79 724 853 441 762 607 240 382 713 902 90 20 26 403 125 631 990 839 255 826 54 58 73 817 426 738 329 983 53 636 577 963 575 281 324 754 956 100 51 451 643 840 887 673 70 268 426 522 383 486 748 153 330 435 660 615 818 190 502 226 88 829 39 90 944 775 913 974 294 218 894 653 979 967 927 713 255 864 401 608 401 798 4 479 578 589 574 703 776 487 693 908 122 717 374 203 340 846 734 16 982 508 864 18 666 924 438 38 76 442 595 194 105 706 287 160 49 305 459 922 534 179 470 292 877 629 553 683 133 494 587 125 788 56 633 274 858 178 267 74 664 650 634 891 98 107 709 704 868 258 929 508 915 45 95 964 1000 396 314 804 890 404 596 13 89 304 114 61 843 503 149 529 391 324 290 740 687 358 258 870 206 629 972 572 679 162 112 751 422 654 806 573 535 583 727 683 273 461 49 102 479 385 311 843 965 868 185 93 71 811 700 526 816 981 779 767 295 740 993 74 679 169 209 382 193 29 373 117 117 500 609 459 30 746 704 317 579 729 478 488 364 610 619 423 329 966 828 638 193 404 453 254 256 741 472 515 271 58 604 747 105 116 392 840 473 421 122 515 543 294 163 906 950 540 993 27 630 615 288 649 328 272 332 809 890 547 594 420 756 189 858 545 889 645 197 11 664 671 939 317 638 721 851 973 990 871 352 612 744 549 2 591 616 50 827 691 177 727 729 482 821 348 548 21 802 341 842 445 709 884 734 38 546 476 60 975 972 996 212 429 654 480 180 995 74 15 911 279 128 617 795 493 36 720 436 845 301 473 933 580 332 378 882 564 46 903 91 447 404 426 20 273 771 399 607 934 956 805 883 752 473 937 663 328 526 302 388 801 439 122 179 380 467 284 392 888 468 911 541 771 640 276 674 758 564 556 660 327 806 791 954 798 608 198 682 291 699 867 255 753 947 413 695 31 13 965 860 293 445 967 287 90 485 512 356 840 696 769 218 586 67 426 884 628 572 847 143 427 834 357 960 547 522 673 712 347 744 560 43 131 953 309 877 692 194 214 740 634 371 290 431 352 880 272 1000 443 480 335 846 438 693 193 445 127 767 712 744 266 854 885 177 984 695 930 463 309 647 550 840 715 718 153 913 829 518 47 773 226 700 568 75 770 470 112 517 547 737 519 107 529 944 635 805 900 657 69 825 464 300 778 254 677 247 599 800 828 507 199 121 871 627 184 508 358 599 962 799 228 786 636 193 529 740 419 420 888 683 619 840 17 100 794 536 203 143 833 726 357 478 280 908 324 730 682 968 204 854 999 330 711 940 425 478 698 790 10 673 386 760 978 494 515 536 794 237 455 384 915 521 915 928 114 651 639 893 508 201 943 222 7 838 
1000
1 908
1 270
1 85
1 219
1 583
1 975
1 1
1 897
1 911
1 557
1 528
1 793
1 593
1 837
1 371
1 694
1 605
1 636
1 349
1 109
1 52
1 142
1 319
1 631
1 896
1 736
1 562
1 7
1 231
1 186
1 959
1 170
1 541
1 116
1 615
1 733
1 866
1 533
1 383
1 296
1 612
1 716
1 305
1 690
1 388
1 648
1 877
1 798
1 783
1 886
1 286
1 620
1 223
1 469
1 320
1 949
1 231
1 540
1 854
1 221
1 767
1 763
1 116
1 974
1 796
1 748
1 211
1 968
1 776
1 392
1 993
1 920
1 117
1 811
1 710
1 568
1 55
1 334
1 160
1 620
1 243
1 886
1 185
1 590
1 864
1 402
1 244
1 164
1 481
1 655
1 489
1 152
1 956
1 439
1 899
1 314
1 604
1 672
1 16
1 3
1 110
1 284
1 229
1 744
1 885
1 266
1 363
1 340
1 835
1 566
1 545
1 48
1 654
1 750
1 295
1 446
1 397
1 642
1 700
1 966
1 92
1 42
1 918
1 313
1 647
1 840
1 818
1 303
1 286
1 52
1 774
1 3
1 510
1 589
1 346
1 606
1 259
1 548
1 189
1 295
1 311
1 100
1 382
1 65
1 369
1 139
1 85
1 110
1 120
1 155
1 761
1 783
1 635
1 855
1 514
1 417
1 746
1 975
1 768
1 441
1 725
1 426
1 121
1 827
1 636
1 980
1 624
1 706
1 742
1 614
1 922
1 478
1 201
1 372
1 756
1 871
1 450
1 318
1 215
1 973
1 441
1 236
1 616
1 965
1 503
1 82
1 692
1 756
1 230
1 618
1 877
1 269
1 748
1 20
1 117
1 828
1 813
1 336
1 808
1 662
1 480
1 138
1 892
1 873
1 336
1 938
1 69
1 49
1 726
1 975
1 382
1 264
1 45
1 265
1 954
1 902
1 43
1 942
1 406
1 704
1 952
1 542
1 532
1 131
1 366
1 784
1 278
1 31
1 212
1 660
1 25
1 72
1 981
1 106
1 532
1 570
1 561
1 172
1 284
1 288
1 975
1 965
1 298
1 508
1 291
1 300
1 721
1 459
1 250
1 99
1 478
1 251
1 136
1 643
1 971
1 698
1 92
1 238
1 688
1 574
1 551
1 244
1 901
1 781
1 639
1 992
1 757
1 480
1 123
1 397
1 830
1 221
1 153
1 599
1 68
1 629
1 846
1 49
1 452
1 689
1 414
1 801
1 358
1 286
1 26
1 315
1 667
1 479
1 448
1 395
1 177
1 141
1 948
1 119
1 525
1 900
1 295
1 457
1 405
1 861
1 912
1 53
1 982
1 402
1 519
1 554
1 899
1 461
1 457
1 249
1 710
1 681
1 572
1 249
1 920
1 991
1 796
1 481
1 616
1 987
1 72
1 190
1 709
1 94
1 101
1 171
1 634
1 935
1 86
1 5
1 623
1 666
1 299
1 137
1 783
1 423
1 9
1 940
1 741
1 61
1 7
1 107
1 993
1 739
1 879
1 895
1 491
1 684
1 670
1 393
1 136
1 595
1 434
1 929
1 79
1 902
1 259
1 579
1 933
1 429
1 364
1 98
1 829
1 345
1 857
1 120
1 5
1 149
1 743
1 846
1 149
1 224
1 490
1 954
1 973
1 350
1 521
1 971
1 234
1 326
1 949
1 122
1 840
1 779
1 685
1 344
1 363
1 789
1 332
1 994
1 650
1 199
1 598
1 181
1 46
1 489
1 206
1 61
1 802
1 570
1 136
1 941
1 570
1 789
1 386
1 672
1 291
1 306
1 962
1 726
1 999
1 637
1 334
1 686
1 272
1 223
1 156
1 420
1 497
1 185
1 77
1 184
1 73
1 451
1 351
1 745
1 927
1 858
1 44
1 110
1 557
1 981
1 554
1 849
1 404
1 943
1 901
1 91
1 322
1 877
1 516
1 70
1 621
1 801
1 375
1 217
1 157
1 268
1 948
1 920
1 257
1 893
1 270
1 482
1 575
1 164
1 135
1 297
1 337
1 968
1 205
1 355
1 390
1 416
1 274
1 178
1 711
1 17
1 290
1 162
1 818
1 985
1 797
1 282
1 179
1 316
1 370
1 942
1 184
1 559
1 165
1 889
1 693
1 472
1 615
1 891
1 671
1 856
1 848
1 744
1 807
1 274
1 634
1 8
1 796
1 569
1 875
1 321
1 650
1 188
1 359
1 919
1 294
1 595
1 162
1 336
1 561
1 766
1 79
1 493
1 511
1 749
1 508
1 770
1 455
1 155
1 132
1 333
1 50
1 168
1 211
1 620
1 699
1 812
1 290
1 573
1 35
1 700
1 146
1 684
1 862
1 446
1 841
1 75
1 469
1 678
1 88
1 924
1 783
1 343
1 580
1 157
1 939
1 348
1 29
1 636
1 89
1 815
1 921
1 757
1 637
1 49
1 634
1 158
1 860
1 695
1 66
1 23
1 571
1 280
1 263
1 128
1 121
1 456
1 785
1 731
1 174
1 122
1 881
1 311
1 433
1 677
1 964
1 778
1 768
1 969
1 469
1 994
1 564
1 79
1 948
1 584
1 351
1 186
1 703
1 46
1 57
1 919
1 435
1 721
1 242
1 439
1 229
1 562
1 563
1 461
1 259
1 10
1 800
1 329
1 526
1 254
1 108
1 358
1 48
1 875
1 28
1 699
1 477
1 329
1 302
1 515
1 557
1 826
1 696
1 659
1 773
1 73
1 370
1 114
1 151
1 53
1 657
1 873
1 730
1 910
1 71
1 788
1 55
1 780
1 673
1 706
1 456
1 698
1 540
1 709
1 910
1 619
1 339
1 752
1 742
1 178
1 31
1 798
1 846
1 846
1 735
1 645
1 942
1 723
1 884
1 203
1 635
1 617
1 884
1 285
1 630
1 757
1 130
1 374
1 752
1 21
1 706
1 844
1 607
1 897
1 85
1 896
1 493
1 474
1 137
1 176
1 161
1 91
1 490
1 890
1 840
1 419
1 938
1 3
1 958
1 200
1 551
1 247
1 417
1 657
1 374
1 976
1 93
1 529
1 117
1 593
1 738
1 12
1 899
1 844
1 393
1 389
1 526
1 845
1 821
1 110
1 535
1 762
1 79
1 809
1 550
1 162
1 676
1 975
1 947
1 515
1 336
1 283
1 219
1 478
1 514
1 182
1 78
1 78
1 704
1 667
1 100
1 780
1 806
1 972
1 922
1 815
1 141
1 106
1 98
1 948
1 350
1 584
1 758
1 422
1 813
1 118
1 445
1 889
1 979
1 966
1 907
1 795
1 336
1 238
1 688
1 354
1 406
1 204
1 677
1 998
1 751
1 9
1 600
1 265
1 591
1 32
1 828
1 519
1 478
1 822
1 342
1 910
1 229
1 715
1 589
1 378
1 480
1 88
1 362
1 572
1 569
1 848
1 159
1 669
1 866
1 521
1 152
1 273
1 152
1 322
1 964
1 735
1 294
1 765
1 175
1 167
1 12
1 828
1 901
1 25
1 979
1 326
1 75
1 785
1 335
1 321
1 485
1 384
1 262
1 448
1 149
1 916
1 376
1 404
1 694
1 353
1 868
1 900
1 907
1 270
1 828
1 696
1 234
1 390
1 608
1 96
1 400
1 213
1 654
1 255
1 216
1 614
1 866
1 68
1 718
1 974
1 859
1 345
1 547
1 57
1 695
1 501
1 17
1 263
1 554
1 973
1 733
1 635
1 761
1 422
1 726
1 402
1 439
1 692
1 514
1 9
1 142
1 362
1 508
1 481
1 945
1 540
1 906
1 277
1 191
1 340
1 51
1 46
1 535
1 492
1 637
1 54
1 796
1 834
1 394
1 451
1 243
1 895
1 494
1 305
1 615
1 533
1 314
1 871
1 309
1 324
1 472
1 90
1 118
1 284
1 772
1 479
1 596
1 730
1 127
1 727
1 692
1 653
1 606
1 596
1 505
1 465
1 85
1 566
1 903
1 163
1 370
1 987
1 110
1 838
1 309
1 283
1 532
1 517
1 676
1 779
1 838
1 374
1 483
1 904
1 706
1 18
1 269
1 211
1 722
1 341
1 774
1 1
1 15
1 977
1 306
1 886
1 17
1 563
1 71
1 645
1 245
1 311
1 339
1 282
1 896
1 27
1 277
1 56
1 357
1 674
1 564
1 254
1 558
1 356
1 711
1 198
1 45
1 967
1 683
1 87
1 544
1 220
1 583
1 738
1 375
1 117
1 649
1 761
1 71
1 168
1 70
1 179
1 940
1 382
1 236
1 242
1 739
1 423
1 429
1 323
1 55
1 967
1 395
1 831
1 854
1 376
1 639
1 907
1 990
1 310
1 793
1 688
1 567
1 300
1 855
1 879
1 403
1 371
1 138
1 411
1 866
1 77
1 755
1 533
1 75
1 79
1 863
1 975
1 629
1 844
1 708
1 232
