73
10 2 2 10 2 10 10 2 2 2 10 10 10 2 2 10 10 10 10 2 10 10 10 2 10 10 10 10 2 10 10 2 10 10 10 2 10 2 2 2 10 10 2 10 10 10 10 2 2 10 10 2 10 2 10 2 2 10 10 2 2 10 2 2 2 2 2 2 10 10 2 10 10
47
2 15 19
1 29 1
2 3 42
1 31 9
1 31 8
2 19 32
1 42 4
1 61 8
1 67 8
2 1 72
1 31 3
2 14 36
1 73 1
1 60 3
1 71 8
2 14 23
2 4 58
1 64 4
2 5 67
2 2 14
1 58 3
2 19 59
2 22 64
1 46 7
1 16 10
2 3 65
1 48 2
1 11 2
1 34 9
2 17 36
2 6 21
1 12 8
2 43 68
2 3 13
1 50 7
2 2 16
2 18 42
1 23 3
2 55 64
1 2 1
1 44 2
1 35 6
1 69 2
1 18 1
2 37 40
1 65 9
1 22 2