96
2 2 2 2 1 1 1 1 1 1 1 1 1 1 2 1 2 2 1 1 2 2 2 2 2 1 1 2 2 1 2 1 1 2 1 1 2 2 1 1 1 1 2 1 1 2 2 2 2 2 1 2 1 1 1 1 2 1 1 2 1 2 1 2 1 1 2 2 2 2 1 2 1 1 2 1 2 1 2 1 1 2 1 2 2 2 1 1 2 1 2 1 2 1 2 1
460
2 25 96
2 48 87
2 56 62
1 51 2
2 4 79
1 29 2
2 11 96
1 28 1
2 62 75
1 22 1
2 3 25
1 79 2
2 12 22
2 18 59
2 40 43
2 63 85
1 40 1
1 29 1
1 33 1
1 63 2
2 34 70
2 6 76
2 70 76
2 39 56
2 7 20
2 62 70
1 71 1
2 58 67
2 34 66
1 83 1
1 95 2
1 58 2
2 5 20
2 17 25
1 16 1
1 80 1
2 39 88
2 14 23
2 46 67
2 8 63
2 34 43
1 43 2
2 70 72
2 43 54
2 70 74
1 44 1
1 77 2
1 90 2
2 33 49
1 85 1
1 5 1
1 44 2
1 54 2
1 75 1
1 64 2
2 25 72
1 58 2
1 92 2
2 9 74
2 20 92
2 16 86
2 12 48
1 73 2
1 32 1
1 39 1
2 4 75
1 63 1
1 56 1
2 23 62
2 23 26
1 34 2
1 90 1
2 68 78
2 22 53
2 83 92
2 26 77
2 14 91
1 72 2
2 50 76
2 7 86
2 35 66
2 28 87
1 63 1
1 59 1
1 52 2
2 21 94
1 50 2
2 23 72
2 50 55
2 22 32
2 25 48
2 19 48
1 43 2
1 30 2
1 11 2
2 13 28
2 34 66
2 63 95
2 2 80
1 90 1
1 28 2
1 16 2
2 15 88
2 31 94
2 18 50
1 1 1
2 19 54
2 4 30
2 26 91
2 28 80
2 32 69
1 80 1
1 29 1
2 46 72
1 10 1
2 89 90
2 47 56
1 43 1
2 53 58
2 28 36
1 88 2
1 88 1
2 4 86
1 52 2
2 35 61
2 23 74
2 32 65
1 77 2
2 44 49
2 43 84
1 20 1
1 63 1
2 13 14
2 40 92
1 96 1
1 32 2
2 17 21
1 59 1
1 41 1
1 89 1
2 6 54
1 51 2
2 39 40
1 66 2
1 89 1
2 58 69
2 2 38
2 20 50
2 56 63
1 63 2
2 78 82
1 86 2
2 7 9
2 13 26
2 58 87
2 10 34
2 32 73
2 84 96
2 31 39
1 77 1
1 49 1
2 9 49
2 79 82
2 42 54
2 12 48
2 43 49
1 23 2
2 12 37
1 7 1
2 47 79
2 57 80
2 59 90
1 89 1
1 25 2
2 27 38
2 42 44
1 20 2
2 13 41
1 68 1
1 17 1
2 3 8
1 69 1
2 21 23
2 15 30
2 49 92
2 2 30
1 85 2
2 15 65
1 9 2
2 74 81
1 89 2
1 23 1
1 94 2
1 32 2
2 23 27
2 9 95
1 30 2
2 39 76
1 89 2
1 14 1
1 49 1
1 40 1
2 31 62
1 20 1
1 14 1
2 27 81
2 25 45
1 50 2
1 41 2
2 38 61
1 43 1
1 66 2
2 43 66
2 13 41
2 24 69
1 53 2
2 18 62
1 3 2
1 69 2
1 39 1
2 91 91
1 54 1
2 19 78
1 56 2
2 7 51
1 13 1
1 64 2
1 68 1
1 20 2
1 6 2
1 34 1
2 18 47
1 11 1
2 5 52
1 56 2
2 16 41
2 3 3
1 68 2
2 39 62
2 39 77
1 85 1
1 40 1
1 20 2
2 65 83
2 13 87
1 56 1
1 56 2
1 50 1
2 7 59
1 92 1
2 59 70
2 5 62
1 26 2
1 15 2
2 49 55
1 29 1
2 77 87
1 38 2
1 39 1
2 25 52
1 15 1
1 87 2
2 43 46
2 36 69
1 81 2
1 61 2
1 63 1
1 92 1
2 23 51
1 64 1
1 36 1
1 86 2
1 20 1
1 90 1
1 26 2
1 45 1
2 62 90
1 61 2
1 12 1
2 30 52
2 52 52
2 56 81
2 50 71
1 73 1
2 34 95
2 1 94
2 5 78
1 48 1
2 30 71
1 53 2
1 75 1
1 36 1
2 3 41
2 3 62
2 57 69
1 48 2
2 62 94
1 16 1
1 80 1
1 67 1
1 26 2
2 59 72
2 6 72
1 73 1
1 2 2
1 9 2
1 57 1
2 45 94
1 19 1
1 36 1
2 29 87
1 5 2
2 23 24
2 5 45
1 8 2
1 31 2
2 15 78
1 25 2
2 5 40
1 63 1
1 63 2
2 7 86
2 6 69
2 59 65
2 75 96
2 12 24
2 31 67
1 2 1
1 78 1
2 63 88
2 13 72
1 82 1
2 79 84
2 2 6
1 38 1
2 14 44
1 90 2
1 65 2
2 25 78
1 18 2
2 51 70
1 25 1
2 7 28
1 51 1
2 13 77
1 45 2
2 33 57
1 18 1
1 93 1
1 33 1
1 89 1
1 84 1
2 15 36
2 52 72
1 19 1
1 23 2
1 15 2
2 1 44
2 18 92
2 54 70
2 63 86
2 28 67
2 19 66
2 53 66
2 44 94
2 30 96
2 37 57
2 47 85
1 57 1
1 78 2
2 21 52
2 39 52
2 24 28
1 41 1
1 38 2
1 73 2
2 16 68
1 60 2
1 59 2
2 15 63
1 41 2
1 40 1
1 94 1
2 29 92
2 83 90
2 4 73
2 79 81
2 49 69
2 50 82
2 42 59
1 12 2
2 8 10
1 43 1
2 7 27
2 59 59
2 59 87
2 24 82
1 65 1
1 63 1
1 58 1
1 26 1
1 27 1
1 72 2
1 17 1
2 13 64
2 31 69
1 85 1
1 50 2
2 40 60
1 64 1
2 59 82
1 1 2
1 13 1
1 23 1
2 8 19
2 4 64
1 72 2
2 38 81
2 15 90
2 2 27
1 70 1
2 64 85
1 42 1
2 53 82
1 15 1
2 60 77
1 14 2
2 68 77
1 14 1
2 10 18
1 83 2
1 90 2
2 75 90
1 54 2
2 5 38
2 18 52
1 38 2
1 39 1
1 18 2
2 60 77
2 68 78
1 67 2
1 32 2
2 49 85
2 39 45
1 60 1
2 7 85
2 23 70
2 41 42
2 40 59
1 74 2
1 66 1
1 5 2
2 14 54
1 19 1
2 23 44
2 6 33
1 5 2
1 24 1
1 9 2