2085000
2086667
2085834
2087501
2086668
2088335
2087502
2089170
2088336
2090004
2089171
2090839
2090005
2091674
2090840
2092509
2091675
2093344
2092510
2094180
2093345
2095015
2094181
2095851
2095016
2096687
2095852
2097523
2096688
2098359
2097524
2099196
2098360
2100032
2099197
2100869
2100033
2101706
2100870
2102543
2101707
2103380
2102544
2104218
2103381
2105055
2104219
2105893
2105056
2106731
2105894
2107569
2106732
2108407
2107570
2109246
2108408
2110084
2109247
2110923
2110085
2111762
2110924
2112601
2111763
2113440
2112602
2114280
2113441
2115119
2114281
2115959
2115120
2116799
2115960
2117639
2116800
2118479
2117640
2119320
2118480
2120160
2119321
2121001
2120161
2121842
2121002
2122683
2121843
2123524
2122684
2124366
2123525
2125207
2124367
2126049
2125208
2126891
2126050
2127733
