82 55
336469 101777 212726 873322 333685 852539 877000 106468 657733 961318 531694 514795 181643 603093 393957 382359 880236 95266 169057 242031 648059 935496 832323 195552 405117 124714 276847 251996 315582 175116 248622 634580 368615 696384 775967 16390 562142 854146 160131 8637 872359 274178 288461 558063 412083 721701 15993 401824 852168 356898 793853 99049 843379 930166 958952 267964 759693 459784 2566 888611 267676 730566 439680 393248 537955 90039 654746 907579 609297 908217 320953 535795 838274 638467 405194 41432 500798 694939 712901 565976 165789 203351 
16
38
37
22
8
40
10
25
14
64
25
15
71
44
25
11
23
57
17
81
52
64
65
55
25
36
54
52
40
78
17
53
80
20
52
39
1
39
18
50
73
37
47
24
60
15
17
10
79
60
9
23
24
29
45
