80 69
321254 174102 408986 959488 779734 904467 105582 607543 444775 318819 831884 382102 222601 594385 295671 543133 484434 66642 537941 180506 499608 6411 27197 495372 219440 891591 148903 292905 697591 196385 941297 993132 762348 371894 132938 640160 297821 174363 598604 201559 994227 822637 785055 544083 944833 120886 77699 785686 111301 830445 952401 585173 198283 522160 783547 779038 587863 19712 427208 462426 569438 704765 806385 561873 756847 688420 931785 208441 574071 210615 433279 804349 259203 682474 253053 738417 732437 646235 374682 215519 
26
59
24
61
70
45
58
9
47
14
23
33
6
57
37
22
6
27
9
43
32
61
27
63
62
64
8
76
28
23
3
31
80
50
67
28
40
70
52
78
41
64
71
25
22
36
27
40
61
69
38
69
35
70
17
46
58
66
73
19
22
79
20
21
5
54
20
73
69
