1000
84 51 79 26 96 72 67 8 93 96 58 39 36 63 98 49 94 2 68 78 54 8 67 99 39 50 30 86 69 47 20 40 46 94 26 90 86 79 96 56 86 35 7 99 40 52 70 1 24 40 40 78 57 33 14 57 62 41 10 60 19 79 95 28 75 14 89 52 55 40 59 59 5 25 67 68 65 21 94 50 52 87 9 60 63 68 35 6 42 20 77 13 61 39 54 76 97 22 50 63 76 99 84 84 31 78 66 56 4 18 74 39 79 8 7 87 76 33 38 54 49 94 26 82 2 35 64 44 82 4 23 64 16 80 23 8 26 71 68 99 40 11 38 49 12 97 38 48 92 60 15 80 1 6 90 66 39 91 43 37 13 3 29 23 35 91 44 51 93 42 4 90 89 16 93 39 7 19 69 86 4 98 78 5 25 66 69 18 38 79 61 67 83 99 24 59 89 57 34 36 52 100 80 77 27 97 8 6 29 35 77 2 99 45 26 60 94 45 34 85 86 91 79 49 95 68 67 88 31 48 71 95 64 54 66 35 91 2 99 54 21 3 75 23 25 79 44 78 27 83 95 68 67 31 5 44 1 86 56 15 72 86 49 2 68 6 71 61 12 91 70 30 7 85 72 30 59 30 4 71 84 52 26 95 62 51 71 15 93 97 21 100 52 73 49 70 48 94 42 11 19 13 13 18 52 3 23 99 72 44 98 54 73 89 76 81 78 56 28 71 12 41 31 95 40 63 6 86 37 57 61 96 30 90 71 79 35 51 47 25 96 79 70 19 79 96 61 35 84 28 14 92 41 58 58 42 35 22 10 43 38 94 78 52 31 67 41 49 44 16 67 64 60 45 83 31 33 42 69 20 10 69 83 97 9 53 46 44 25 36 67 48 7 75 50 8 66 37 39 99 16 54 8 94 19 33 91 30 44 59 55 93 82 61 80 82 22 32 2 23 66 36 70 39 72 99 1 12 73 38 37 14 62 16 70 52 89 50 96 95 94 84 81 33 52 38 69 84 66 96 12 59 71 70 35 100 10 66 59 75 54 28 23 50 6 60 49 97 51 18 23 11 85 11 73 45 2 78 65 11 5 50 90 93 84 2 94 57 40 40 56 94 37 78 40 34 16 1 16 47 7 44 47 42 57 74 100 21 42 79 6 14 45 60 25 21 39 11 3 71 63 17 23 24 12 75 86 70 9 91 76 74 32 80 34 86 32 67 62 12 43 52 78 50 72 28 40 94 6 28 65 84 18 61 33 14 65 57 7 39 40 15 74 47 83 30 66 22 8 88 98 95 38 25 26 83 18 52 97 57 76 26 9 40 61 100 26 99 43 75 40 57 46 51 84 86 54 78 44 64 97 95 86 1 86 73 10 20 57 66 58 77 5 34 16 59 92 94 78 76 19 97 41 51 9 16 90 70 64 93 28 69 17 18 68 55 43 58 13 5 79 97 25 79 42 60 47 100 88 4 5 29 64 7 17 86 24 90 78 71 93 89 58 100 38 48 93 68 26 51 5 59 79 77 100 47 34 28 93 99 72 20 86 33 74 69 98 70 24 86 34 51 50 99 30 30 3 41 13 81 13 12 72 10 2 34 87 20 18 79 57 97 76 99 43 21 9 31 30 82 27 46 84 59 38 72 27 2 1 57 48 53 78 78 55 25 3 28 32 26 96 99 30 78 13 66 98 52 90 57 82 78 60 16 22 6 57 70 82 5 35 16 57 73 57 71 50 13 14 19 13 23 30 61 25 61 6 8 44 39 32 27 74 87 95 70 77 90 32 70 87 62 81 6 66 81 9 60 69 89 79 67 80 52 12 86 42 79 55 80 76 53 12 2 81 13 17 86 52 67 18 5 14 42 31 83 73 12 26 65 15 10 23 28 83 84 92 9 65 67 9 36 60 59 32 24 65 31 85 66 49 86 31 14 59 53 54 31 11 23 28 55 42 72 77 58 11 44 84 45 29 6 23 58 30 72 62 54 4 58 71 88 42 19 16 56 69 10 29 70 83 29 96 80 20 14 22 49 23 83 32 32 27 79 1 68 91 73 62 1 31 53 63 55 8 61 44 41 45 34 48 17 63 35 69 6 46 80 12 86 81 75 34 49 72 47 56 49 19 62 54 88 2 81 22 3 59 29 83 60 75 88 80 86 61 72 19 15 32 23 18 23 15 84 60 96 26 42 47 81 26 62 56 86 20 81 87 4 79 2 94 49 99 77 40 95 22 25 79 37 9 3 85 14 26 31 65 20 37 71 
710 71
789 462
489 93
786 924
484 794
226 635
49 752
500 594
789 130
481 812
477 803
262 581
692 809
705 710
391 519
366 776
686 870
67 455
249 600
896 938
282 477
444 904
858 481
956 260
22 413
268 796
859 500
291 22
207 426
482 452
163 440
629 187
806 291
878 814
627 486
46 704
830 901
318 170
914 980
797 233
815 126
962 155
666 18
252 708
246 867
912 996
250 328
475 483
530 35
96 145
586 285
188 559
384 98
409 873
626 217
80 448
928 415
322 803
443 380
121 62
566 814
74 294
756 757
598 771
43 583
81 23
983 316
394 478
673 932
317 710
329 912
909 177
898 791
310 281
893 898
297 844
705 546
553 784
482 752
351 257
303 173
697 352
905 811
624 78
576 636
841 633
520 161
812 102
644 294
156 320
417 28
534 527
511 479
901 237
387 553
365 93
584 718
775 757
832 754
653 382
677 968
55 921
157 349
132 76
326 99
828 974
878 210
934 687
678 20
942 139
663 152
234 72
470 123
420 422
940 809
682 55
945 57
765 343
362 538
103 62
649 680
32 787
996 100
722 75
376 483
468 771
127 222
364 394
87 426
705 554
334 88
727 400
355 400
516 922
415 9
843 730
699 644
743 96
491 570
778 84
388 779
542 204
58 113
284 594
645 37
203 82
45 456
228 899
964 251
588 475
594 259
57 320
271 895
368 493
476 173
798 745
811 581
661 998
896 699
410 457
360 122
229 29
33 455
673 901
602 540
532 378
269 230
337 785
538 170
124 129
758 211
597 731
747 463
129 275
10 298
742 566
294 755
830 676
419 846
973 168
951 954
102 958
40 316
394 949
686 571
427 413
306 669
417 658
382 66
218 409
231 144
167 986
57 303
325 23
554 374
393 868
698 316
88 640
201 428
526 43
978 267
197 240
550 516
312 477
212 862
168 800
15 220
695 116
32 965
3 397
183 229
549 808
380 516
483 799
442 621
451 708
222 258
857 67
548 166
691 852
508 155
259 873
51 726
452 301
220 79
120 382
208 285
945 437
308 273
551 140
378 937
938 687
539 145
33 141
588 485
386 784
158 850
738 307
186 77
919 757
92 740
740 356
535 396
437 611
338 675
756 622
90 399
179 669
824 358
923 431
884 320
812 449
522 681
822 344
428 603
464 107
504 948
358 180
155 172
1000 825
174 338
601 230
817 711
718 213
589 163
856 464
46 966
739 966
345 218
767 477
249 383
38 384
321 767
744 513
61 596
732 751
297 782
328 203
959 561
682 56
819 654
504 794
145 705
589 24
842 859
29 460
514 481
251 723
717 325
400 800
404 939
847 934
730 823
143 342
148 85
625 573
881 529
738 226
646 728
371 255
613 838
335 837
318 337
293 973
182 350
567 980
264 155
682 790
578 109
991 935
873 867
681 246
919 315
168 594
244 747
749 930
34 754
615 176
382 448
13 85
516 171
221 779
650 643
157 214
720 889
856 829
389 243
107 32
86 603
136 522
27 386
434 961
490 503
603 836
121 220
307 188
294 946
610 949
729 787
615 671
884 241
921 593
41 462
510 461
149 355
259 658
11 253
332 437
749 580
236 129
415 278
31 513
940 900
949 268
133 419
218 801
574 846
108 354
939 754
156 5
188 362
889 136
677 172
929 86
585 83
186 232
536 694
88 5
886 858
959 533
654 587
780 418
839 681
375 33
286 568
891 775
755 712
346 655
128 415
834 739
320 939
628 41
453 525
271 712
645 474
328 570
781 788
702 445
806 856
115 37
815 569
453 292
555 629
453 165
469 470
7 173
121 372
244 243
293 809
724 89
40 774
16 691
161 268
40 976
379 781
528 799
584 867
928 948
299 401
539 411
427 41
296 803
933 742
680 783
648 964
15 233
439 76
719 304
370 420
665 748
543 230
245 310
648 24
757 310
476 148
900 624
426 281
900 454
242 241
857 628
503 460
760 415
523 534
101 536
449 156
875 904
593 277
172 284
223 350
803 50
189 590
872 596
586 556
677 822
618 358
895 307
537 683
463 548
747 667
865 539
829 69
12 461
601 897
947 990
221 71
980 322
86 512
223 377
420 452
529 778
173 715
954 835
894 464
283 648
647 58
148 258
639 733
381 378
951 57
715 726
947 394
622 843
55 64
993 36
903 767
553 298
330 233
161 253
575 155
429 442
839 125
358 893
165 406
798 952
340 631
588 812
169 511
650 512
369 695
957 440
939 751
661 71
289 433
381 393
578 483
301 530
180 419
175 203
161 326
39 190
776 322
182 55
813 526
104 398
307 222
164 171
593 866
884 889
98 201
983 342
298 234
347 153
373 484
710 437
306 951
695 205
577 898
384 56
505 62
461 523
94 909
624 794
144 183
350 187
301 980
52 567
439 191
435 304
885 866
905 416
479 285
305 959
516 743
353 940
504 848
35 55
952 662
479 98
644 709
711 677
858 162
32 699
157 855
50 787
261 841
223 589
671 473
936 227
863 527
828 706
651 507
475 569
961 814
282 346
196 849
659 611
703 142
411 17
62 55
70 329
647 454
184 478
322 843
894 878
637 130
428 577
65 582
231 590
328 26
148 319
613 735
585 15
823 855
670 285
459 371
794 391
8 159
538 704
18 515
824 193
691 870
587 443
316 279
663 432
956 783
410 267
240 779
943 641
143 910
729 448
722 666
345 565
501 561
850 451
318 421
682 379
579 58
898 189
626 835
247 770
170 956
782 603
703 876
321 690
748 686
410 625
101 995
237 933
140 221
132 378
421 733
641 692
422 811
70 137
714 77
920 862
309 638
12 312
912 481
38 599
707 459
837 386
720 947
213 191
290 676
323 142
18 690
600 259
60 839
540 585
584 944
738 768
983 136
403 325
643 410
780 478
801 634
66 535
909 213
379 389
171 798
388 979
157 340
590 280
770 85
219 391
8 21
397 601
198 142
953 730
850 170
675 265
311 571
658 305
734 551
21 7
813 574
569 908
769 45
651 38
547 19
455 387
864 687
706 568
100 336
827 890
558 908
735 161
956 509
314 726
630 646
444 623
918 341
23 533
486 149
202 147
753 256
841 660
153 881
105 91
250 719
62 936
787 646
639 955
396 707
91 511
291 702
545 875
584 861
464 614
121 696
583 392
360 535
374 598
795 11
764 747
266 466
15 228
778 472
434 200
1000 478
444 863
401 734
819 497
547 791
723 369
688 10
645 130
584 713
645 736
814 557
493 453
220 153
746 889
415 68
295 561
443 804
94 749
924 939
40 883
113 270
385 226
941 980
197 146
673 750
840 241
240 986
65 930
968 911
845 993
298 869
194 251
892 649
60 309
430 190
408 203
652 84
697 55
361 72
104 167
845 507
40 917
117 907
853 549
997 116
792 512
853 106
997 872
691 553
160 772
361 493
772 473
335 275
672 778
394 399
989 353
894 338
789 92
957 724
926 650
99 304
976 20
795 542
162 469
816 817
1 376
254 992
810 328
721 168
831 59
694 163
372 119
92 495
649 106
209 378
773 720
453 820
970 864
652 199
975 306
520 619
691 897
849 114
592 578
82 831
528 341
865 999
27 854
447 377
405 64
114 414
479 139
82 190
761 698
277 591
744 102
786 25
931 540
232 643
960 160
36 887
153 860
456 496
117 538
205 769
592 871
821 38
251 348
147 105
877 422
963 709
198 225
524 986
475 300
879 525
365 1
139 568
950 525
766 174
799 412
668 184
566 597
22 660
520 2
526 181
28 876
855 606
29 331
426 541
77 882
108 82
880 365
656 58
488 181
982 995
371 621
506 417
487 925
991 203
753 516
923 939
461 487
994 54
991 111
419 671
216 791
913 696
563 585
868 616
73 233
565 992
400 44
911 636
502 519
247 302
672 741
994 566
679 592
192 161
446 337
210 467
637 351
10 288
176 763
572 594
685 661
364 407
646 642
48 923
118 595
981 322
201 154
984 77
235 855
609 313
494 968
399 759
6 159
951 274
789 700
212 365
110 492
212 906
185 727
144 607
620 374
184 916
195 536
839 537
833 901
826 25
206 110
283 414
611 988
301 793
946 737
587 263
49 266
53 720
595 601
198 4
287 865
356 663
498 755
508 987
450 451
251 725
805 952
835 97
518 925
910 425
465 94
117 359
97 276
701 373
552 415
772 888
851 554
744 890
324 265
560 351
424 929
958 110
684 869
273 330
617 663
608 752
802 356
612 194
926 689
112 308
896 343
664 678
728 972
289 42
799 131
313 187
480 28
604 852
209 423
106 693
209 211
47 76
851 215
815 14
969 610
818 183
458 947
937 63
277 95
402 683
357 361
128 178
390 557
915 521
356 438
531 592
927 425
863 762
632 982
326 135
985 67
564 694
977 392
496 441
605 767
363 312
468 436
289 529
645 134
238 404
517 336
297 499
544 197
716 873
471 575
674 143
239 943
30 763
562 509
618 150
777 8
895 151
807 434
289 367
546 967
225 333
339 519
138 693
521 526
971 444
920 395
874 638
344 248
887 272
657 688
327 918
224 914
902 451
1000
171 864 45
366 576 24
670 25 87
407 776 8
997 986 85
521 433 37
873 569 89
21 537 99
924 867 88
721 214 68
600 700 26
110 552 99
194 776 100
785 571 2
187 543 61
48 104 2
868 47 96
860 264 56
676 745 5
896 154 72
250 865 64
287 519 51
236 712 41
81 790 95
878 134 52
628 545 6
223 754 66
38 461 4
485 940 86
8 645 26
820 109 56
693 939 89
850 776 23
408 569 82
847 595 21
21 578 63
144 540 93
359 981 100
465 616 98
9 697 41
535 474 7
108 765 30
945 999 23
101 158 53
523 456 12
658 223 96
876 357 93
705 897 85
360 21 83
847 325 34
410 3 3
196 667 21
578 530 74
186 909 1
570 890 81
19 469 16
356 501 34
207 550 23
729 731 67
706 125 96
462 91 92
165 141 67
294 877 77
10 54 42
707 13 18
874 352 37
641 26 49
989 262 85
875 404 19
542 802 83
612 84 83
998 229 33
718 927 71
85 864 67
41 356 9
676 524 4
98 765 17
777 786 69
286 852 98
9 924 97
870 342 50
855 829 48
149 479 72
414 648 33
606 983 39
201 87 75
56 525 27
945 997 50
817 463 22
453 476 83
981 227 52
691 792 40
385 291 66
692 385 5
838 267 19
851 911 82
410 473 68
590 494 30
403 608 53
679 372 57
110 787 69
915 248 61
299 524 57
876 743 63
576 418 88
13 863 24
264 846 80
420 850 63
655 142 38
501 60 32
785 502 99
736 202 60
604 500 41
356 327 84
478 532 68
318 996 91
87 863 15
708 503 69
950 817 84
261 678 25
310 146 44
293 346 26
508 3 48
895 167 65
974 725 33
788 815 22
707 319 73
118 912 58
423 966 54
977 66 27
415 842 100
331 924 95
42 994 81
849 400 16
590 857 78
91 237 71
637 476 72
620 922 67
757 683 57
251 576 43
130 749 37
103 662 40
751 915 52
150 211 78
356 621 80
725 571 53
139 274 36
620 918 80
116 66 85
762 260 15
588 333 23
158 207 58
538 87 3
488 385 47
998 35 96
559 498 2
454 599 13
102 762 77
7 906 99
741 79 97
632 706 75
294 572 49
115 147 11
361 85 84
598 47 83
390 848 3
92 763 33
347 408 76
478 107 49
233 938 53
522 139 43
266 758 24
500 537 92
143 863 23
174 227 21
307 591 72
806 11 99
867 890 23
36 498 71
440 933 79
221 48 26
403 279 25
618 474 84
619 281 77
557 927 17
166 856 32
835 282 98
99 112 44
248 379 54
265 671 2
312 732 93
135 669 12
511 551 69
627 789 77
641 457 25
825 728 72
674 300 5
802 611 54
495 361 18
373 879 82
866 657 61
245 238 31
789 95 95
969 995 81
708 787 84
324 287 48
823 173 39
287 910 46
752 309 45
53 274 50
771 212 26
2 642 6
666 521 47
889 367 47
463 471 79
118 220 57
776 480 44
982 759 60
562 921 33
340 346 50
52 552 31
358 112 68
815 564 56
44 99 30
420 764 54
664 764 81
823 388 34
883 109 70
439 824 98
334 54 69
725 531 94
151 972 42
153 644 22
879 726 39
951 719 23
737 665 59
899 193 21
567 446 90
778 857 37
963 431 51
348 634 7
620 758 18
638 407 100
938 885 38
756 686 13
921 220 73
396 157 25
686 40 27
954 972 93
497 831 63
653 39 9
744 921 13
67 397 50
676 236 57
484 307 24
932 942 96
837 480 59
158 745 55
653 5 86
639 492 95
28 250 45
914 203 60
95 755 96
994 629 56
276 462 60
960 739 7
560 858 57
352 222 29
792 84 35
311 669 35
431 680 23
693 347 56
633 444 57
503 339 67
327 756 85
825 350 21
994 69 23
190 886 99
697 427 5
611 685 63
275 497 80
566 542 33
506 245 47
185 27 25
924 452 41
732 620 88
135 392 35
590 473 66
828 781 28
997 485 17
285 356 78
605 221 55
81 468 55
453 361 48
157 878 24
935 27 75
594 445 17
912 116 90
863 577 17
8 435 68
307 508 26
909 475 74
950 642 70
631 242 8
1000 370 71
239 291 93
988 146 89
341 37 67
156 455 68
830 534 33
494 546 8
437 562 20
740 329 100
110 102 19
754 827 58
637 472 41
831 44 33
486 655 89
823 620 35
533 426 15
112 82 77
828 239 77
102 936 65
166 184 29
511 389 68
311 792 87
311 47 87
796 38 96
283 267 76
686 201 95
574 619 1
536 615 15
332 770 81
160 433 3
582 110 89
951 932 8
960 684 77
427 85 16
934 218 41
807 489 19
219 117 63
657 683 52
923 306 89
268 937 74
4 610 94
952 223 59
117 288 70
790 74 17
429 989 13
345 389 96
454 390 67
62 395 67
762 511 38
204 999 66
111 225 51
344 580 25
661 949 48
298 809 46
501 3 92
427 390 70
944 311 32
139 843 92
27 17 35
943 852 7
260 732 21
617 766 62
121 213 28
855 393 36
145 834 42
500 465 17
404 756 56
488 563 86
966 421 25
240 741 42
967 170 44
464 304 14
539 662 47
677 120 18
82 581 68
435 727 43
628 431 99
238 454 17
474 399 47
42 970 28
201 300 18
972 726 76
785 617 61
109 386 20
147 108 58
972 379 98
446 93 51
931 810 58
760 832 94
190 89 40
255 178 62
575 80 83
290 284 62
511 50 64
669 750 36
797 760 23
539 604 84
258 912 62
104 295 70
750 123 75
845 689 62
595 469 64
388 595 69
641 856 44
242 908 21
4 977 48
763 641 87
539 641 36
543 234 70
4 371 68
644 479 60
825 136 83
741 857 6
349 187 86
756 790 42
763 194 22
857 618 88
805 590 89
715 491 49
739 188 7
267 728 82
56 27 55
754 31 43
719 12 80
750 800 44
59 981 27
643 818 100
27 867 13
15 258 25
28 641 12
128 588 72
907 417 95
113 799 78
953 746 19
256 172 65
208 409 51
823 484 92
486 482 30
966 853 83
712 798 51
323 54 29
932 11 74
500 989 97
251 572 39
814 230 66
78 46 2
119 800 22
556 836 34
112 719 20
22 115 8
420 437 33
237 802 46
122 534 56
856 945 9
643 184 29
71 208 66
313 218 71
157 144 80
234 808 12
584 240 3
796 628 38
43 372 16
501 834 69
605 933 18
993 889 37
995 340 49
724 94 67
595 10 72
653 630 46
739 828 62
428 816 64
433 263 38
858 339 45
293 135 97
193 658 47
25 352 46
205 108 42
808 543 19
364 224 90
374 223 65
503 211 35
526 281 16
681 772 95
368 165 51
403 962 27
239 172 34
276 460 20
430 468 8
82 961 74
220 938 23
716 785 97
228 568 1
995 259 70
830 794 48
711 681 89
206 238 15
677 886 98
616 604 36
719 616 84
27 869 90
217 226 46
746 174 74
813 347 27
358 643 49
3 25 82
344 853 10
349 813 4
801 546 72
817 817 54
483 119 89
673 85 81
979 581 18
895 383 5
974 1000 84
234 168 92
868 949 81
241 364 48
452 467 50
627 899 73
310 440 39
433 780 14
41 187 33
671 573 49
279 467 34
306 797 83
518 866 74
638 763 13
941 446 23
398 741 82
697 9 35
947 827 90
449 584 74
821 96 35
20 184 44
249 941 19
551 860 65
886 377 95
21 167 26
974 847 2
260 84 70
674 630 1
878 485 57
159 89 19
842 676 30
350 81 65
934 305 87
358 896 50
961 985 13
417 964 84
880 399 1
673 527 94
790 315 58
710 381 79
467 300 56
692 131 7
81 480 11
852 67 15
298 284 49
857 158 76
914 515 45
587 664 41
29 683 9
494 415 31
131 756 8
192 168 66
976 259 18
719 847 77
948 376 70
68 609 6
475 893 95
317 983 73
411 355 4
153 156 60
906 554 21
862 689 17
3 357 37
438 642 13
189 883 75
342 61 36
895 571 70
301 699 9
899 966 59
14 510 82
431 598 98
762 795 85
955 804 86
987 483 100
2 81 19
30 534 16
963 481 16
642 930 30
172 878 50
948 886 83
157 107 32
457 131 59
835 609 87
410 546 39
559 301 23
209 761 20
661 736 75
684 266 25
306 269 47
474 46 55
748 450 21
285 945 24
238 509 74
750 791 70
446 480 38
463 963 39
44 6 7
90 598 15
478 161 57
684 71 79
324 443 80
178 304 14
359 569 55
940 78 76
16 115 49
772 719 38
666 972 35
434 300 80
905 856 81
655 56 51
637 350 37
154 431 80
73 576 79
708 95 56
343 62 27
140 207 97
617 721 15
861 826 56
906 492 29
70 917 61
100 121 80
84 692 90
257 616 22
454 423 54
451 270 64
719 747 30
563 748 2
999 658 64
178 67 47
514 508 25
6 140 65
638 297 60
964 603 85
924 510 60
951 124 24
333 774 92
307 234 51
110 829 28
721 946 79
6 647 79
579 81 3
25 264 64
636 757 75
379 347 99
216 810 70
735 724 12
769 501 25
701 69 94
757 356 6
980 403 81
844 276 75
531 848 86
654 161 36
333 408 54
17 28 82
861 956 1
416 493 96
360 124 65
618 875 28
824 441 68
560 809 67
374 927 73
567 588 63
964 465 62
530 960 12
638 15 7
615 631 65
996 451 64
236 816 39
307 797 14
607 794 86
45 958 67
810 333 34
40 497 84
137 1 27
538 402 37
779 649 29
34 570 86
408 932 93
534 389 96
723 624 99
797 67 8
273 799 26
410 677 96
219 451 98
947 283 25
828 791 66
665 482 84
606 107 68
426 707 100
515 955 12
218 742 59
70 632 15
669 518 3
505 976 38
973 304 75
31 225 27
398 84 95
8 841 75
25 5 57
890 101 28
281 280 81
789 470 13
196 792 2
949 754 82
683 611 76
516 531 26
812 228 82
865 518 92
412 712 7
652 828 58
893 136 48
92 372 88
10 611 4
866 551 57
19 274 50
488 177 54
503 468 89
49 705 49
306 416 6
557 471 98
365 496 78
102 789 56
499 19 76
803 520 43
785 313 28
189 10 60
169 948 29
74 150 84
749 501 85
120 747 46
948 284 27
109 218 80
497 229 12
985 853 59
533 119 62
253 227 79
868 984 94
790 339 68
819 641 86
563 960 31
526 367 38
380 821 97
228 612 6
736 721 56
705 506 57
472 562 45
639 769 38
376 642 67
353 715 65
530 730 60
649 277 80
708 753 32
785 706 28
99 561 18
653 287 84
839 114 11
344 946 63
313 784 78
873 943 72
868 224 65
627 497 92
888 958 33
102 232 58
879 878 62
427 661 96
708 982 9
176 778 29
273 133 49
897 669 77
381 497 80
982 554 61
176 408 94
272 815 47
266 239 70
35 835 38
662 758 48
204 745 40
577 713 30
357 849 6
777 271 75
625 378 42
910 522 39
141 227 30
491 322 72
990 233 64
98 231 26
471 49 44
707 869 55
819 342 96
759 91 94
60 472 26
685 670 36
895 753 80
353 319 97
254 978 29
237 217 14
158 728 87
959 362 30
899 785 36
394 130 4
75 941 50
354 853 59
693 597 83
457 413 37
394 167 6
5 337 47
232 924 88
943 75 58
681 463 12
311 124 51
693 458 99
35 607 89
830 335 47
85 896 45
118 369 92
476 49 8
211 959 92
636 302 45
946 835 41
615 129 51
225 568 48
733 883 24
58 358 26
628 680 63
347 164 38
962 761 93
445 512 18
834 187 84
556 645 51
296 657 71
600 796 54
599 305 16
794 518 27
414 566 96
545 195 51
373 111 89
180 135 56
781 300 91
557 406 47
482 768 43
544 318 21
208 298 16
672 28 21
944 546 93
954 370 40
279 366 51
36 911 45
828 310 58
842 977 32
119 359 31
573 732 62
58 127 48
588 213 46
469 344 63
548 835 83
169 486 61
5 843 37
106 59 42
217 316 23
604 629 28
795 693 15
305 458 27
526 339 73
705 18 45
981 104 39
439 645 52
937 333 66
109 526 84
461 496 40
339 241 4
633 219 48
16 902 19
131 643 32
446 213 95
588 87 7
277 104 16
827 332 89
668 370 44
936 237 51
782 681 29
505 834 26
364 995 11
120 316 50
677 446 36
314 8 18
221 745 28
329 542 90
846 289 38
750 349 5
283 996 100
316 356 45
163 270 74
828 519 48
825 55 15
814 118 55
128 134 12
654 84 70
182 338 50
469 945 84
297 571 35
150 394 39
445 430 43
741 938 75
649 580 87
168 456 32
376 227 57
708 115 19
492 418 52
594 133 63
757 277 65
513 371 44
400 547 17
680 287 36
828 184 73
788 955 76
328 23 45
52 975 29
735 896 47
625 759 47
24 257 93
694 227 87
628 901 50
294 930 8
576 887 27
455 604 85
951 894 63
182 245 45
579 252 91
59 362 61
572 973 15
14 297 25
784 741 59
935 36 36
124 603 75
208 779 48
780 570 77
617 61 93
454 173 41
261 152 11
797 511 46
407 52 65
768 150 97
816 209 41
346 491 78
81 315 78
606 374 11
815 273 9
850 680 45
298 274 82
314 691 31
941 638 70
906 828 52
340 469 14
453 182 81
365 820 31
891 214 29
20 491 2
109 888 46
8 936 95
675 708 84
605 985 35
640 958 3
643 908 72
403 420 46
816 463 51
424 426 57
18 902 7
177 449 7
828 905 39
312 267 13
289 262 68
312 760 42
33 666 71
22 679 13
244 360 66
349 834 56
579 340 18
737 863 10
179 686 45
299 595 50
324 594 13
518 259 40
