1000
937 806 806 108 938 500 962 961 98 832 654 759 492 748 550 21 612 339 890 882 794 235 812 225 923 171 107 787 184 576 502 168 797 868 182 167 631 993 629 814 858 577 721 855 490 679 296 795 281 971 935 437 378 850 811 788 415 575 32 649 603 428 481 966 892 229 305 700 146 149 223 164 995 506 258 815 705 465 981 119 243 36 544 33 47 348 676 875 492 115 595 665 177 360 223 338 842 764 923 110 54 884 855 549 63 630 529 666 480 524 1 460 470 600 826 998 988 426 659 950 474 132 739 640 997 958 95 250 228 296 229 42 288 122 477 653 385 668 319 542 806 780 670 595 783 573 621 75 828 724 919 398 924 8 582 810 807 861 692 318 239 696 122 456 681 436 717 321 708 245 252 834 201 246 518 200 265 75 747 781 109 456 99 366 949 744 773 607 417 138 255 514 560 633 874 671 531 520 610 584 433 665 144 422 685 918 409 840 432 658 390 859 32 163 231 246 899 554 846 568 637 230 7 529 33 249 538 566 280 996 509 875 798 885 819 505 976 469 935 663 899 968 289 566 253 140 406 161 665 85 349 277 826 336 122 968 302 882 760 971 719 510 728 674 950 928 918 591 55 516 964 191 859 672 808 667 64 791 642 356 432 782 90 705 916 362 715 286 523 261 241 930 798 52 204 446 792 761 383 650 127 321 601 265 328 273 339 0 261 445 11 425 987 538 710 57 603 967 447 23 106 299 617 696 212 897 461 790 799 53 840 979 817 869 465 422 121 85 312 336 573 408 972 920 72 531 752 548 809 442 418 221 247 711 0 495 49 384 822 259 11 908 917 887 812 511 375 406 22 681 641 995 324 613 60 731 569 860 810 852 754 954 85 659 867 468 486 578 669 233 132 71 51 821 160 814 138 532 296 6 546 384 757 980 951 567 913 868 697 801 943 964 532 506 110 500 322 570 167 313 921 928 350 198 173 176 672 685 468 282 317 496 430 169 477 333 758 475 530 499 443 509 652 315 699 89 844 854 556 353 201 218 455 294 635 352 545 442 106 567 253 790 950 35 313 365 920 532 409 144 486 317 65 669 554 65 502 151 57 544 559 40 228 4 292 845 614 140 52 700 895 521 514 368 950 275 439 319 732 91 67 125 338 815 612 395 879 315 908 225 720 714 126 694 999 843 782 801 298 875 768 969 111 165 331 529 364 938 110 829 808 74 370 200 779 880 21 532 40 729 639 196 933 402 413 33 793 308 809 656 321 208 990 227 257 448 365 332 769 558 579 239 577 17 220 85 85 261 343 795 738 833 319 743 39 524 697 333 20 973 475 858 923 640 433 922 130 254 502 929 325 840 28 728 947 970 754 774 69 879 583 216 891 748 498 971 276 460 975 528 532 660 451 603 967 275 44 473 120 982 470 388 495 695 378 241 71 979 534 953 532 512 239 30 694 148 238 750 895 474 790 654 901 846 951 64 841 529 493 923 378 274 679 983 645 613 149 398 324 531 899 538 130 12 444 622 503 724 309 839 55 965 651 76 594 342 429 223 745 465 51 826 370 198 314 319 932 725 455 398 838 51 855 396 329 127 930 722 22 646 85 422 104 29 886 892 125 942 703 440 722 41 9 539 962 874 412 537 142 119 719 637 164 155 397 452 194 662 79 366 942 821 991 970 888 374 224 965 748 1000 520 507 596 134 495 439 299 31 966 910 931 96 372 916 871 467 402 306 441 83 273 913 361 195 176 833 950 629 311 747 243 237 813 924 948 162 809 471 784 822 653 208 760 754 925 114 867 887 409 261 653 385 744 437 74 182 344 0 721 76 314 73 48 558 188 876 663 845 635 200 557 712 564 708 588 845 410 757 230 967 402 61 298 105 172 767 602 317 132 136 599 784 631 187 572 784 760 19 75 887 135 412 243 130 682 598 428 367 901 655 198 379 927 147 209 856 474 865 236 757 633 312 805 726 684 438 469 507 375 470 208 386 265 51 742 623 381 650 247 67 189 298 447 518 215 456 632 700 846 193 203 605 506 326 976 969 994 84 703 558 579 750 958 67 788 583 749 152 842 517 818 305 576 767 696 123 511 544 220 112 949 756 693 175 184 403 438 912 179 358 307 417 105 524 95 464 905 413 802 963 818 348 446 574 494 620 643 5 694 691 489 375 714 14 205 718 56 895 353 812 924 221 852 545 380 694 586 397 387 997 936 599 47 166 91 139 683 788 637 563 968 258 220 536 558 355 434 257 656 108 223 840 971 892 361 847 753 209 212 949 
1000
1 618
1 613
1 674
1 535
1 840
1 544
1 679
1 430
1 274
1 639
1 203
1 908
1 310
1 696
1 908
1 414
1 272
1 369
1 460
1 963
1 88
1 499
1 58
1 278
1 158
1 430
1 621
1 949
1 258
1 468
1 392
1 697
1 282
1 488
1 919
1 548
1 158
1 69
1 764
1 940
1 971
1 80
1 278
1 496
1 883
1 165
1 547
1 850
1 468
1 589
1 684
1 470
1 568
1 554
1 698
1 720
1 82
1 454
1 849
1 679
1 653
1 37
1 541
1 203
1 996
1 814
1 639
1 882
1 294
1 413
1 453
1 101
1 118
1 489
1 1000
1 165
1 346
1 285
1 245
1 513
1 612
1 796
1 557
1 933
1 479
1 676
1 658
1 24
1 611
1 136
1 988
1 661
1 25
1 493
1 415
1 298
1 243
1 787
1 815
1 429
1 343
1 743
1 521
1 238
1 331
1 993
1 896
1 979
1 368
1 27
1 452
1 185
1 754
1 150
1 518
1 475
1 368
1 147
1 536
1 579
1 112
1 761
1 488
1 382
1 425
1 791
1 4
1 868
1 811
1 440
1 468
1 930
1 684
1 104
1 244
1 777
1 910
1 207
1 716
1 550
1 18
1 38
1 141
1 714
1 591
1 209
1 611
1 629
1 95
1 844
1 514
1 486
1 517
1 244
1 103
1 706
1 386
1 919
1 327
1 575
1 959
1 295
1 158
1 203
1 889
1 430
1 361
1 618
1 271
1 678
1 396
1 903
1 213
1 821
1 342
1 809
1 856
1 898
1 771
1 828
1 330
1 724
1 805
1 360
1 704
1 404
1 334
1 45
1 905
1 863
1 399
1 353
1 804
1 66
1 50
1 418
1 847
1 567
1 522
1 788
1 458
1 49
1 179
1 700
1 884
1 967
1 910
1 745
1 22
1 365
1 149
1 0
1 147
1 693
1 821
1 85
1 467
1 837
1 812
1 695
1 764
1 937
1 82
1 996
1 85
1 304
1 936
1 911
1 465
1 652
1 81
1 413
1 664
1 928
1 790
1 623
1 422
1 743
1 631
1 543
1 422
1 949
1 32
1 12
1 465
1 773
1 619
1 671
1 633
1 651
1 61
1 114
1 556
1 805
1 742
1 130
1 433
1 254
1 87
1 778
1 109
1 32
1 654
1 832
1 262
1 372
1 878
1 502
1 537
1 67
1 676
1 348
1 476
1 563
1 68
1 101
1 952
1 282
1 755
1 697
1 242
1 241
1 32
1 257
1 70
1 547
1 736
1 128
1 182
1 411
1 647
1 313
1 462
1 910
1 968
1 771
1 662
1 282
1 926
1 330
1 690
1 887
1 712
1 139
1 290
1 137
1 120
1 529
1 4
1 538
1 517
1 483
1 983
1 663
1 596
1 751
1 883
1 891
1 272
1 750
1 440
1 579
1 116
1 661
1 223
1 836
1 252
1 793
1 746
1 781
1 372
1 596
1 536
1 618
1 139
1 371
1 415
1 736
1 244
1 230
1 806
1 919
1 40
1 742
1 638
1 808
1 992
1 859
1 115
1 121
1 326
1 529
1 789
1 521
1 12
1 718
1 287
1 514
1 203
1 938
1 51
1 180
1 107
1 726
1 843
1 800
1 735
1 154
1 639
1 51
1 272
1 513
1 346
1 893
1 492
1 223
1 143
1 792
1 673
1 870
1 350
1 938
1 864
1 67
1 932
1 720
1 453
1 850
1 129
1 560
1 157
1 635
1 144
1 898
1 328
1 254
1 127
1 263
1 777
1 641
1 758
1 5
1 839
1 972
1 22
1 397
1 503
1 215
1 880
1 718
1 961
1 478
1 957
1 218
1 439
1 31
1 930
1 232
1 919
1 267
1 507
1 618
1 953
1 883
1 72
1 43
1 978
1 2
1 575
1 311
1 8
1 252
1 954
1 441
1 184
1 80
1 603
1 697
1 555
1 130
1 730
1 466
1 334
1 18
1 849
1 603
1 900
1 453
1 999
1 605
1 372
1 468
1 315
1 804
1 630
1 157
1 795
1 713
1 394
1 730
1 215
1 367
1 288
1 270
1 969
1 41
1 644
1 745
1 816
1 408
1 687
1 155
1 850
1 936
1 696
1 111
1 873
1 735
1 763
1 840
1 531
1 836
1 702
1 356
1 351
1 354
1 135
1 854
1 40
1 46
1 17
1 777
1 626
1 883
1 767
1 77
1 498
1 242
1 302
1 365
1 641
1 89
1 876
1 278
1 251
1 950
1 138
1 257
1 190
1 53
1 723
1 824
1 484
1 706
1 838
1 740
1 637
1 534
1 123
1 143
1 282
1 200
1 236
1 296
1 784
1 311
1 534
1 266
1 881
1 142
1 639
1 748
1 850
1 891
1 212
1 350
1 508
1 173
1 323
1 123
1 40
1 881
1 705
1 608
1 764
1 544
1 247
1 658
1 388
1 874
1 36
1 733
1 846
1 995
1 898
1 325
1 512
1 695
1 55
1 822
1 23
1 942
1 970
1 605
1 754
1 313
1 817
1 257
1 672
1 758
1 923
1 870
1 532
1 948
1 367
1 667
1 394
1 71
1 3
1 611
1 402
1 967
1 638
1 924
1 680
1 349
1 151
1 593
1 917
1 637
1 829
1 297
1 43
1 329
1 618
1 667
1 71
1 272
1 9
1 162
1 915
1 515
1 214
1 595
1 149
1 640
1 217
1 70
1 22
1 382
1 805
1 214
1 22
1 225
1 720
1 118
1 624
1 677
1 894
1 265
1 768
1 208
1 551
1 516
1 444
1 921
1 778
1 547
1 893
1 595
1 756
1 143
1 237
1 892
1 364
1 34
1 601
1 102
1 56
1 723
1 186
1 261
1 305
1 572
1 731
1 537
1 274
1 665
1 223
1 47
1 155
1 240
1 682
1 340
1 299
1 634
1 289
1 903
1 740
1 554
1 60
1 875
1 519
1 261
1 852
1 290
1 759
1 419
1 848
1 485
1 622
1 532
1 129
1 478
1 346
1 521
1 646
1 910
1 205
1 627
1 794
1 635
1 591
1 789
1 28
1 253
1 384
1 171
1 861
1 218
1 542
1 960
1 350
1 441
1 230
1 908
1 91
1 777
1 179
1 915
1 373
1 791
1 294
1 537
1 601
1 850
1 546
1 214
1 846
1 376
1 383
1 47
1 865
1 369
1 811
1 409
1 901
1 169
1 643
1 124
1 819
1 1000
1 618
1 975
1 851
1 477
1 199
1 805
1 380
1 314
1 979
1 62
1 208
1 51
1 956
1 812
1 93
1 208
1 858
1 621
1 664
1 710
1 940
1 772
1 612
1 838
1 821
1 333
1 178
1 640
1 968
1 614
1 922
1 218
1 237
1 711
1 728
1 992
1 500
1 508
1 93
1 296
1 782
1 426
1 577
1 299
1 217
1 968
1 482
1 47
1 778
1 116
1 218
1 536
1 329
1 504
1 309
1 203
1 254
1 370
1 289
1 35
1 809
1 597
1 78
1 803
1 413
1 246
1 20
1 668
1 141
1 51
1 460
1 568
1 349
1 505
1 759
1 160
1 541
1 743
1 471
1 700
1 960
1 187
1 645
1 306
1 562
1 520
1 113
1 912
1 698
1 619
1 854
1 199
1 82
1 505
1 643
1 139
1 558
1 654
1 405
1 840
1 309
1 387
1 594
1 82
1 8
1 645
1 839
1 816
1 417
1 650
1 183
1 251
1 538
1 871
1 806
1 882
1 849
1 836
1 159
1 539
1 663
1 850
1 813
1 566
1 289
1 162
1 3
1 450
1 917
1 320
1 517
1 872
1 155
1 509
1 237
1 483
1 629
1 742
1 573
1 919
1 65
1 0
1 186
1 713
1 782
1 613
1 82
1 303
1 517
1 121
1 819
1 560
1 702
1 470
1 854
1 127
1 491
1 226
1 760
1 449
1 480
1 186
1 247
1 862
1 565
1 415
1 103
1 666
1 416
1 837
1 766
1 243
1 293
1 970
1 815
1 935
1 527
1 968
1 463
1 378
1 658
1 89
1 737
1 614
1 437
1 382
1 394
1 877
1 682
1 565
1 426
1 507
1 374
1 599
1 270
1 500
1 66
1 231
1 673
1 39
1 471
1 872
1 299
1 328
1 200
1 34
1 883
1 991
1 416
1 42
1 278
1 382
1 92
1 456
1 146
1 324
1 299
1 691
1 164
1 869
1 974
1 704
1 551
1 102
1 819
1 810
1 547
1 564
1 894
1 652
1 113
1 560
1 844
1 814
1 454
1 239
1 87
1 946
1 851
1 410
1 164
1 352
1 28
1 978
1 756
1 330
1 377
1 890
1 875
1 874
1 648
1 511
1 35
1 0
1 161
1 464
1 48
1 297
1 964
1 508
1 333
1 111
1 298
1 317
1 984
1 771
1 625
1 107
1 900
1 48
1 482
1 294
1 113
1 784
1 906
1 325
1 85
1 859
