1000
909 723 430 667 332 364 128 322 813 321 358 609 101 24 326 753 531 549 645 686 419 274 84 24 232 364 76 291 748 783 283 870 342 866 770 666 591 689 113 741 130 368 979 349 958 45 682 379 114 840 354 551 649 909 283 365 325 709 852 303 283 456 301 465 356 131 650 935 533 977 801 929 705 357 49 231 451 674 897 682 616 475 484 807 609 754 754 841 529 816 379 249 311 523 590 935 595 995 743 606 509 816 96 613 808 545 621 154 406 741 965 263 357 454 167 558 849 995 63 798 368 598 30 561 84 524 795 245 523 369 824 638 206 976 932 165 748 305 200 612 275 171 429 54 245 75 516 494 756 699 697 657 536 811 397 167 282 964 948 462 629 503 71 728 27 428 218 171 683 938 189 879 597 638 385 701 181 940 936 856 938 526 281 289 14 177 526 881 266 504 831 21 1000 461 977 862 13 400 402 450 829 707 241 183 271 192 5 325 611 985 22 649 696 386 554 592 978 36 297 313 202 662 643 952 698 40 510 219 347 628 276 728 345 777 711 202 560 585 702 541 119 8 899 110 292 426 301 965 907 783 844 920 686 623 282 342 111 671 159 499 219 850 329 452 126 222 340 888 770 274 352 236 790 31 223 8 730 558 705 411 278 902 86 792 207 753 106 567 912 22 967 658 885 480 200 372 336 457 642 644 359 870 499 311 475 906 381 85 364 200 799 713 142 609 696 552 855 854 137 988 748 233 969 37 757 303 667 189 82 418 286 812 730 252 969 291 411 34 461 317 712 681 496 317 356 215 849 88 598 487 731 500 711 679 621 281 213 22 184 517 758 587 634 920 330 492 981 562 355 411 130 90 942 648 256 333 245 885 52 334 276 287 663 329 703 616 986 34 790 558 44 426 158 556 990 524 161 69 829 571 412 452 653 15 671 425 345 764 992 56 799 753 53 424 179 260 461 280 181 155 707 461 409 715 236 326 578 568 196 452 231 865 323 638 40 485 905 508 94 660 19 662 882 622 585 383 822 469 442 528 291 812 726 496 651 515 91 654 370 407 486 750 631 723 197 714 184 186 386 493 928 205 323 723 254 461 258 404 36 288 320 728 758 862 805 479 590 839 587 358 771 170 991 74 383 44 385 965 29 410 80 539 19 168 350 122 253 1 4 690 719 48 989 89 672 902 176 820 570 570 387 320 741 65 127 703 470 545 119 399 359 344 570 836 440 165 605 984 681 853 407 490 110 120 191 101 725 748 936 926 65 832 494 925 933 956 548 56 71 275 291 555 137 947 856 849 621 385 440 817 350 596 930 919 148 827 139 606 18 10 670 380 159 988 741 898 478 354 639 147 172 192 652 972 335 786 28 280 307 892 494 833 918 876 764 831 28 407 801 387 226 879 774 131 908 907 722 488 966 956 201 333 906 554 884 283 712 531 68 663 126 604 49 781 518 418 844 698 549 65 845 587 267 11 4 776 663 182 445 626 502 669 100 462 506 567 381 479 597 607 288 447 803 731 243 484 443 814 781 922 169 183 694 46 81 860 976 191 852 144 689 361 137 994 718 684 280 304 894 222 112 545 426 796 494 255 119 536 408 760 792 885 535 327 441 858 402 456 569 450 779 388 753 658 651 791 483 310 17 875 766 472 700 163 898 385 270 399 778 51 372 479 911 481 699 487 861 561 837 630 637 802 906 184 742 650 385 615 572 660 491 222 424 438 361 25 825 102 617 67 964 20 902 531 997 645 461 310 939 259 652 176 991 787 108 246 663 273 240 525 98 468 288 494 363 46 338 697 785 387 978 669 113 806 435 923 231 903 415 672 822 239 275 136 758 655 634 337 421 357 70 70 709 654 178 325 195 591 275 718 853 542 27 921 985 883 29 930 378 85 879 222 305 246 823 759 98 120 367 157 463 786 101 601 643 877 725 313 771 483 76 995 716 281 250 745 273 260 413 215 272 486 865 550 600 43 610 193 808 238 13 507 619 830 976 698 732 102 460 718 880 4 765 949 241 139 14 822 907 409 941 236 833 1 718 803 763 29 751 740 650 900 929 259 65 824 28 645 811 551 647 969 323 159 641 501 99 999 420 268 365 175 733 881 280 1000 527 500 256 239 462 240 143 944 59 331 285 217 304 520 948 477 267 821 206 338 879 643 676 983 719 78 592 159 327 884 157 281 679 527 231 939 279 650 894 774 410 250 639 622 15 764 757 487 715 185 779 256 199 605 394 677 590 650 684 21 147 737 743 241 148 279 961 358 178 451 2 623 156 605 
1000
1 468
1 975
1 328
1 421
1 975
1 242
1 759
1 509
1 883
1 897
1 383
1 236
1 455
1 3
1 217
1 584
1 308
1 874
1 201
1 37
1 47
1 821
1 893
1 131
1 348
1 405
1 326
1 960
1 96
1 254
1 156
1 983
1 331
1 191
1 201
1 616
1 778
1 571
1 64
1 44
1 900
1 383
1 509
1 825
1 493
1 939
1 859
1 667
1 3
1 137
1 361
1 589
1 576
1 654
1 187
1 289
1 153
1 464
1 80
1 127
1 609
1 198
1 317
1 360
1 968
1 282
1 53
1 192
1 991
1 130
1 808
1 652
1 289
1 987
1 219
1 68
1 286
1 637
1 848
1 566
1 336
1 98
1 903
1 77
1 245
1 139
1 227
1 744
1 168
1 337
1 374
1 502
1 747
1 450
1 539
1 444
1 231
1 720
1 709
1 62
1 532
1 82
1 537
1 603
1 892
1 495
1 64
1 492
1 447
1 655
1 904
1 506
1 281
1 751
1 409
1 206
1 927
1 324
1 472
1 449
1 72
1 55
1 971
1 854
1 58
1 166
1 379
1 69
1 864
1 403
1 476
1 895
1 514
1 60
1 63
1 236
1 930
1 832
1 730
1 25
1 902
1 402
1 127
1 369
1 375
1 663
1 90
1 54
1 832
1 813
1 406
1 456
1 549
1 403
1 442
1 504
1 79
1 980
1 599
1 547
1 53
1 955
1 324
1 826
1 839
1 290
1 518
1 488
1 190
1 78
1 262
1 239
1 650
1 114
1 383
1 76
1 103
1 892
1 112
1 723
1 310
1 151
1 515
1 292
1 138
1 825
1 430
1 920
1 397
1 374
1 868
1 109
1 816
1 832
1 584
1 570
1 217
1 817
1 324
1 863
1 675
1 486
1 396
1 461
1 97
1 495
1 471
1 289
1 71
1 684
1 563
1 719
1 290
1 538
1 601
1 138
1 472
1 869
1 736
1 674
1 352
1 396
1 825
1 27
1 788
1 455
1 12
1 396
1 290
1 159
1 374
1 870
1 31
1 21
1 589
1 955
1 964
1 578
1 365
1 590
1 508
1 596
1 631
1 190
1 512
1 195
1 760
1 691
1 130
1 572
1 848
1 159
1 273
1 559
1 103
1 580
1 113
1 962
1 83
1 715
1 754
1 164
1 406
1 146
1 208
1 491
1 68
1 93
1 247
1 746
1 273
1 337
1 794
1 468
1 192
1 306
1 383
1 85
1 820
1 971
1 78
1 898
1 180
1 645
1 541
1 972
1 455
1 169
1 909
1 63
1 312
1 368
1 109
1 291
1 926
1 162
1 102
1 928
1 342
1 275
1 677
1 58
1 607
1 159
1 225
1 798
1 578
1 910
1 625
1 762
1 929
1 68
1 110
1 910
1 716
1 569
1 288
1 827
1 391
1 770
1 298
1 166
1 490
1 899
1 530
1 151
1 697
1 601
1 51
1 286
1 313
1 834
1 499
1 965
1 418
1 74
1 925
1 395
1 424
1 215
1 241
1 333
1 793
1 172
1 967
1 369
1 715
1 863
1 109
1 260
1 627
1 95
1 525
1 192
1 275
1 316
1 500
1 2
1 805
1 328
1 638
1 892
1 718
1 475
1 774
1 202
1 526
1 142
1 436
1 618
1 379
1 463
1 698
1 645
1 584
1 683
1 773
1 286
1 305
1 128
1 443
1 529
1 786
1 515
1 926
1 576
1 689
1 3
1 320
1 664
1 627
1 458
1 445
1 27
1 774
1 666
1 490
1 983
1 213
1 163
1 481
1 952
1 220
1 299
1 980
1 136
1 323
1 187
1 749
1 183
1 445
1 873
1 213
1 182
1 460
1 174
1 726
1 35
1 704
1 365
1 952
1 894
1 9
1 639
1 711
1 432
1 98
1 809
1 954
1 372
1 881
1 856
1 77
1 990
1 560
1 272
1 413
1 802
1 798
1 309
1 796
1 399
1 106
1 833
1 809
1 506
1 240
1 753
1 390
1 214
1 751
1 686
1 676
1 837
1 380
1 438
1 704
1 153
1 403
1 414
1 752
1 260
1 424
1 247
1 460
1 811
1 760
1 426
1 728
1 371
1 524
1 150
1 200
1 871
1 395
1 943
1 666
1 377
1 563
1 57
1 886
1 802
1 33
1 211
1 53
1 194
1 728
1 671
1 172
1 257
1 149
1 281
1 669
1 478
1 738
1 573
1 246
1 949
1 104
1 269
1 231
1 905
1 398
1 469
1 343
1 698
1 511
1 781
1 298
1 760
1 161
1 934
1 129
1 31
1 562
1 621
1 107
1 348
1 240
1 686
1 982
1 735
1 665
1 884
1 538
1 713
1 830
1 255
1 880
1 985
1 182
1 627
1 249
1 281
1 286
1 591
1 286
1 678
1 404
1 414
1 357
1 295
1 969
1 499
1 215
1 801
1 684
1 61
1 645
1 592
1 223
1 224
1 829
1 888
1 904
1 63
1 741
1 269
1 207
1 490
1 756
1 515
1 66
1 139
1 568
1 117
1 843
1 321
1 742
1 795
1 891
1 584
1 337
1 10
1 768
1 996
1 272
1 580
1 108
1 319
1 285
1 984
1 743
1 65
1 887
1 768
1 305
1 426
1 117
1 332
1 844
1 746
1 387
1 798
1 19
1 121
1 25
1 621
1 515
1 115
1 250
1 873
1 414
1 671
1 281
1 226
1 635
1 237
1 436
1 329
1 825
1 408
1 579
1 317
1 598
1 732
1 181
1 150
1 908
1 512
1 766
1 740
1 355
1 350
1 911
1 724
1 342
1 730
1 4
1 293
1 309
1 739
1 36
1 489
1 636
1 342
1 366
1 732
1 849
1 775
1 169
1 725
1 891
1 808
1 864
1 244
1 702
1 665
1 100
1 852
1 909
1 500
1 124
1 417
1 860
1 467
1 350
1 614
1 615
1 411
1 821
1 369
1 958
1 696
1 237
1 882
1 613
1 407
1 883
1 441
1 66
1 554
1 25
1 227
1 259
1 844
1 816
1 971
1 202
1 345
1 919
1 180
1 193
1 797
1 564
1 434
1 675
1 735
1 174
1 508
1 811
1 813
1 102
1 943
1 784
1 146
1 290
1 127
1 503
1 50
1 666
1 557
1 710
1 824
1 301
1 576
1 629
1 393
1 515
1 912
1 772
1 260
1 146
1 896
1 573
1 276
1 975
1 780
1 27
1 979
1 150
1 20
1 209
1 896
1 764
1 929
1 136
1 288
1 844
1 56
1 207
1 272
1 686
1 493
1 401
1 573
1 620
1 439
1 303
1 209
1 89
1 603
1 402
1 25
1 8
1 335
1 691
1 923
1 588
1 732
1 379
1 268
1 730
1 254
1 366
1 705
1 913
1 656
1 830
1 65
1 196
1 424
1 232
1 688
1 26
1 44
1 672
1 713
1 224
1 792
1 209
1 954
1 747
1 403
1 117
1 821
1 529
1 322
1 410
1 477
1 37
1 779
1 391
1 944
1 806
1 502
1 233
1 426
1 706
1 630
1 795
1 337
1 946
1 825
1 239
1 343
1 787
1 568
1 758
1 664
1 45
1 363
1 760
1 570
1 359
1 345
1 668
1 573
1 55
1 605
1 519
1 882
1 538
1 998
1 901
1 266
1 41
1 632
1 802
1 621
1 380
1 859
1 255
1 5
1 903
1 813
1 846
1 250
1 259
1 94
1 421
1 646
1 128
1 601
1 233
1 413
1 112
1 852
1 922
1 860
1 32
1 303
1 639
1 189
1 585
1 82
1 714
1 271
1 314
1 262
1 132
1 136
1 307
1 612
1 106
1 447
1 526
1 188
1 797
1 887
1 792
1 41
1 744
1 476
1 145
1 736
1 801
1 945
1 478
1 900
1 244
1 35
1 114
1 228
1 874
1 474
1 132
1 139
1 632
1 1
1 678
1 675
1 626
1 229
1 702
1 225
1 888
1 489
1 103
1 271
1 468
1 838
1 540
1 914
1 631
1 807
1 920
1 13
1 321
1 916
1 121
1 408
1 470
1 727
1 77
1 647
1 724
1 219
1 395
1 398
1 41
1 889
1 958
1 520
1 780
1 529
1 64
1 383
1 166
1 942
1 342
1 660
1 187
1 713
1 328
1 628
1 129
1 766
1 926
1 871
1 579
1 748
1 286
1 950
1 338
1 950
1 789
1 930
1 787
1 74
1 190
1 908
1 623
1 406
1 188
1 669
1 103
1 952
1 560
1 447
1 713
1 676
1 126
1 882
1 473
1 796
1 294
1 222
1 989
1 400
1 994
1 789
1 458
1 503
1 708
1 386
1 561
1 288
1 800
1 141
1 144
1 655
1 474
1 925
1 256
1 562
1 853
1 657
1 973
1 86
1 461
1 903
1 146
1 161
1 375
1 34
1 883
1 4
1 123
1 86
1 400
1 534
1 844
1 798
1 59
1 735
1 373
1 258
1 845
1 275
