1000
52 790 792 747 345 457 725 187 763 757 517 543 63 706 665 118 666 610 688 56 808 526 172 57 412 924 623 189 707 123 122 566 805 106 310 643 252 257 651 3 360 967 963 886 63 908 935 851 487 425 601 738 51 80 329 377 900 748 416 630 104 354 590 941 932 82 54 774 515 856 670 842 570 921 315 759 572 125 491 451 955 908 968 147 171 556 697 643 981 70 5 788 269 61 402 747 225 855 388 642 161 137 404 409 221 415 906 764 209 307 57 370 923 374 946 169 788 122 912 274 894 978 668 210 760 288 281 879 96 14 64 353 79 790 356 970 633 601 647 56 14 664 676 340 1 355 427 68 138 258 944 44 998 831 990 407 777 684 902 547 626 569 154 410 888 979 436 915 596 198 961 54 945 293 674 83 240 633 123 620 806 139 910 503 966 39 598 261 622 125 940 537 94 788 785 811 467 744 584 187 253 114 777 614 22 867 731 295 424 853 533 365 138 577 67 515 66 369 82 500 498 997 754 468 310 762 814 780 600 690 54 77 810 920 53 453 742 739 984 809 896 428 495 662 422 124 162 553 669 297 671 842 461 500 321 573 594 581 15 294 495 372 982 688 23 332 259 507 202 737 560 599 87 849 381 492 28 14 455 394 679 657 280 241 416 144 368 95 324 994 134 74 582 645 582 919 75 330 627 0 855 104 874 846 327 676 775 89 587 206 107 469 370 685 657 561 874 82 686 947 293 235 889 330 973 99 417 42 357 993 716 780 842 678 264 602 816 708 511 952 80 592 105 644 737 762 522 545 312 659 350 397 609 940 726 728 154 742 458 433 465 933 930 756 63 16 325 368 680 367 110 761 831 509 550 11 299 633 727 21 295 119 36 66 278 413 622 574 384 792 344 894 579 130 636 344 119 442 997 88 340 999 135 279 124 198 416 320 993 736 774 445 495 107 593 467 953 891 822 781 49 918 115 495 50 408 174 767 786 151 505 274 448 473 557 631 43 607 244 174 80 941 416 258 798 964 201 244 931 392 938 544 37 945 346 939 530 22 376 567 832 1 446 590 445 779 831 184 265 520 393 796 889 778 265 616 166 882 966 965 182 895 469 793 858 382 13 288 671 608 801 422 984 91 420 638 615 206 978 404 181 938 631 448 132 876 406 193 174 430 958 304 784 5 96 496 251 66 80 636 388 381 246 518 153 483 350 281 991 970 544 141 862 581 69 588 15 34 508 695 583 649 246 595 334 51 25 228 270 776 254 143 645 900 434 969 750 219 457 839 378 90 627 356 464 33 424 698 65 435 110 419 461 153 529 335 779 372 82 814 635 985 498 650 328 689 101 624 872 74 845 654 268 160 428 602 505 168 456 976 465 38 27 337 74 888 824 263 966 494 846 257 656 178 486 220 870 121 473 813 283 44 63 746 709 113 347 130 778 940 459 799 557 609 605 462 834 284 183 156 581 804 587 616 149 569 297 459 693 73 881 440 995 725 124 811 915 802 923 690 701 16 769 379 71 759 381 524 363 36 360 141 439 363 642 998 625 38 552 391 241 449 958 568 722 304 142 510 685 564 460 549 479 470 240 52 109 258 417 940 156 414 464 349 683 550 247 280 815 101 468 829 296 707 838 891 318 125 556 552 112 406 981 188 910 825 138 574 360 36 317 443 908 50 378 7 704 300 365 591 315 385 333 412 877 305 126 396 253 43 456 836 789 905 114 72 752 891 43 452 551 978 570 421 947 144 468 346 492 94 594 481 756 748 979 648 61 65 255 120 69 651 121 61 832 46 972 879 520 667 230 84 271 669 384 709 305 890 461 796 588 753 964 359 990 779 489 90 745 689 960 90 503 382 694 512 199 655 271 699 665 803 130 545 781 292 800 860 143 924 668 12 995 409 776 500 845 828 84 714 908 166 861 24 306 429 838 961 751 773 652 60 86 33 38 545 196 805 888 111 270 965 17 259 439 945 110 122 448 775 642 666 152 435 495 403 991 226 750 80 938 932 343 386 273 78 463 424 504 962 708 733 35 338 776 724 286 205 49 412 614 371 605 542 155 978 286 444 792 200 163 767 81 830 450 582 555 278 792 263 964 206 408 304 263 120 127 198 694 272 987 188 163 347 853 355 59 230 4 979 62 199 732 225 336 575 740 450 872 399 646 767 243 947 419 154 655 1000 972 634 128 312 821 352 656 326 677 16 566 706 190 607 432 996 725 144 703 707 756 639 37 660 659 27 246 716 225 444 731 712 721 379 825 169 404 107 945 482 225 178 
1000
1 672
1 552
1 726
1 897
1 462
1 461
1 930
1 889
1 618
1 802
1 672
1 59
1 685
1 970
1 412
1 721
1 85
1 715
1 819
1 137
1 389
1 498
1 919
1 845
1 138
1 943
1 786
1 771
1 465
1 568
1 914
1 335
1 418
1 700
1 910
1 284
1 489
1 36
1 188
1 644
1 160
1 847
1 192
1 612
1 387
1 375
1 0
1 124
1 84
1 345
1 767
1 288
1 554
1 763
1 238
1 163
1 532
1 53
1 732
1 676
1 19
1 76
1 317
1 512
1 290
1 461
1 2
1 935
1 751
1 569
1 492
1 176
1 486
1 632
1 219
1 50
1 215
1 438
1 136
1 0
1 746
1 532
1 630
1 778
1 125
1 828
1 336
1 626
1 341
1 843
1 446
1 507
1 978
1 643
1 321
1 572
1 785
1 583
1 387
1 419
1 457
1 942
1 915
1 917
1 899
1 309
1 479
1 910
1 689
1 254
1 569
1 970
1 601
1 196
1 249
1 733
1 764
1 895
1 373
1 724
1 413
1 148
1 779
1 960
1 237
1 614
1 742
1 715
1 169
1 594
1 544
1 476
1 631
1 533
1 294
1 598
1 975
1 519
1 650
1 12
1 256
1 597
1 571
1 453
1 361
1 917
1 395
1 359
1 973
1 964
1 830
1 399
1 428
1 380
1 415
1 630
1 715
1 161
1 633
1 970
1 186
1 567
1 436
1 73
1 430
1 724
1 670
1 962
1 614
1 563
1 335
1 118
1 213
1 419
1 736
1 265
1 976
1 906
1 402
1 566
1 274
1 651
1 218
1 841
1 12
1 643
1 51
1 348
1 520
1 663
1 836
1 579
1 231
1 444
1 687
1 647
1 123
1 221
1 989
1 137
1 605
1 373
1 710
1 565
1 605
1 173
1 214
1 991
1 401
1 69
1 354
1 486
1 591
1 515
1 778
1 772
1 911
1 554
1 251
1 406
1 550
1 823
1 986
1 442
1 997
1 330
1 490
1 475
1 997
1 820
1 169
1 562
1 626
1 844
1 692
1 244
1 676
1 45
1 361
1 755
1 510
1 36
1 734
1 456
1 485
1 971
1 865
1 40
1 493
1 514
1 941
1 207
1 779
1 433
1 272
1 497
1 385
1 21
1 51
1 859
1 267
1 785
1 390
1 676
1 797
1 529
1 599
1 984
1 514
1 80
1 377
1 275
1 411
1 477
1 589
1 923
1 742
1 990
1 69
1 802
1 281
1 144
1 262
1 912
1 580
1 19
1 354
1 481
1 689
1 979
1 705
1 567
1 732
1 710
1 149
1 48
1 273
1 879
1 846
1 721
1 428
1 881
1 760
1 635
1 755
1 80
1 509
1 619
1 608
1 281
1 242
1 214
1 448
1 317
1 552
1 882
1 173
1 173
1 739
1 200
1 290
1 556
1 888
1 682
1 469
1 272
1 769
1 814
1 686
1 511
1 63
1 887
1 986
1 517
1 206
1 865
1 776
1 727
1 423
1 420
1 644
1 879
1 347
1 94
1 256
1 682
1 183
1 326
1 61
1 304
1 227
1 87
1 989
1 542
1 781
1 575
1 755
1 359
1 240
1 852
1 789
1 290
1 813
1 642
1 538
1 185
1 528
1 915
1 807
1 603
1 887
1 842
1 959
1 905
1 321
1 768
1 656
1 644
1 542
1 738
1 146
1 827
1 821
1 259
1 501
1 441
1 432
1 83
1 649
1 449
1 938
1 431
1 426
1 125
1 954
1 464
1 452
1 842
1 833
1 774
1 861
1 652
1 938
1 950
1 59
1 424
1 357
1 359
1 244
1 798
1 675
1 283
1 706
1 479
1 638
1 280
1 370
1 597
1 254
1 623
1 24
1 840
1 262
1 124
1 863
1 682
1 626
1 911
1 559
1 708
1 896
1 174
1 866
1 5
1 745
1 955
1 833
1 620
1 30
1 591
1 446
1 577
1 933
1 504
1 506
1 558
1 558
1 227
1 294
1 50
1 671
1 898
1 948
1 569
1 817
1 512
1 540
1 812
1 836
1 419
1 267
1 600
1 669
1 31
1 49
1 371
1 107
1 174
1 650
1 501
1 886
1 285
1 841
1 640
1 677
1 227
1 507
1 566
1 193
1 447
1 943
1 88
1 443
1 21
1 9
1 262
1 583
1 564
1 464
1 678
1 216
1 63
1 740
1 624
1 73
1 773
1 115
1 942
1 244
1 746
1 812
1 15
1 461
1 740
1 981
1 832
1 933
1 426
1 515
1 659
1 5
1 676
1 225
1 779
1 223
1 6
1 404
1 577
1 306
1 554
1 59
1 726
1 353
1 943
1 333
1 623
1 761
1 94
1 623
1 103
1 362
1 947
1 733
1 232
1 678
1 112
1 659
1 841
1 27
1 707
1 88
1 17
1 749
1 692
1 796
1 943
1 885
1 629
1 199
1 698
1 200
1 233
1 931
1 532
1 231
1 90
1 250
1 31
1 25
1 821
1 755
1 78
1 176
1 431
1 577
1 516
1 688
1 927
1 939
1 840
1 566
1 969
1 247
1 766
1 116
1 807
1 954
1 856
1 693
1 66
1 306
1 607
1 590
1 274
1 243
1 41
1 194
1 387
1 181
1 106
1 135
1 78
1 581
1 316
1 678
1 136
1 971
1 229
1 641
1 917
1 474
1 195
1 18
1 516
1 796
1 207
1 442
1 931
1 301
1 368
1 14
1 406
1 919
1 376
1 567
1 918
1 849
1 688
1 336
1 264
1 808
1 576
1 349
1 533
1 351
1 453
1 257
1 677
1 324
1 798
1 271
1 471
1 748
1 581
1 486
1 27
1 616
1 881
1 297
1 806
1 387
1 555
1 963
1 488
1 162
1 546
1 217
1 85
1 775
1 831
1 352
1 295
1 65
1 495
1 43
1 176
1 409
1 229
1 399
1 774
1 861
1 999
1 135
1 284
1 986
1 689
1 754
1 939
1 254
1 322
1 777
1 653
1 938
1 678
1 517
1 827
1 6
1 249
1 947
1 416
1 820
1 666
1 564
1 223
1 498
1 271
1 622
1 369
1 250
1 347
1 809
1 171
1 734
1 551
1 199
1 528
1 2
1 135
1 536
1 417
1 309
1 928
1 767
1 876
1 449
1 105
1 19
1 312
1 173
1 441
1 722
1 322
1 259
1 616
1 43
1 283
1 253
1 251
1 427
1 682
1 20
1 696
1 587
1 814
1 149
1 30
1 69
1 28
1 705
1 114
1 644
1 682
1 190
1 914
1 976
1 125
1 160
1 430
1 296
1 853
1 581
1 283
1 442
1 691
1 284
1 823
1 461
1 119
1 388
1 641
1 442
1 339
1 488
1 534
1 197
1 494
1 387
1 835
1 119
1 445
1 215
1 305
1 370
1 768
1 975
1 440
1 314
1 588
1 696
1 431
1 834
1 33
1 464
1 59
1 654
1 599
1 117
1 470
1 382
1 277
1 647
1 203
1 153
1 608
1 46
1 815
1 585
1 288
1 601
1 568
1 452
1 651
1 774
1 107
1 142
1 116
1 582
1 255
1 72
1 839
1 977
1 201
1 687
1 341
1 602
1 78
1 137
1 894
1 460
1 764
1 59
1 327
1 298
1 170
1 774
1 24
1 531
1 946
1 829
1 683
1 317
1 691
1 20
1 172
1 450
1 966
1 747
1 810
1 686
1 993
1 510
1 760
1 137
1 848
1 658
1 226
1 706
1 918
1 932
1 431
1 399
1 566
1 936
1 981
1 129
1 899
1 899
1 250
1 607
1 173
1 369
1 65
1 80
1 487
1 806
1 578
1 524
1 813
1 190
1 951
1 421
1 164
1 411
1 708
1 964
1 671
1 210
1 605
1 539
1 215
1 399
1 456
1 318
1 111
1 24
1 119
1 475
1 769
1 91
1 782
1 91
1 969
1 600
1 318
1 101
1 444
1 728
1 706
1 664
1 302
1 405
1 787
1 236
1 938
1 410
1 697
1 66
1 278
1 110
1 768
1 674
1 698
1 722
1 785
1 79
1 61
1 83
1 114
1 336
1 166
1 443
1 800
1 717
1 257
1 105
1 262
1 702
1 910
1 877
1 519
1 99
1 129
1 627
1 467
1 333
1 298
1 375
1 574
1 742
1 30
1 668
1 765
1 351
1 30
1 226
1 443
1 194
1 591
1 4
1 13
1 825
1 65
1 361
1 194
1 573
1 272
1 38
1 87
1 954
1 785
1 50
1 816
1 7
1 10
1 102
1 165
1 905
1 646
1 701
1 132
1 670
1 481
1 58
1 582
1 654
1 268
1 942
1 909
1 474
1 658
1 41
1 236
1 804
1 734
1 550
1 637
1 640
1 267
1 298
1 748
1 861
1 446
1 306
1 342
1 745
1 587
1 477
1 462
1 662
1 559
1 837
1 86
1 890
1 225
1 26
1 48
1 421
1 755
1 337
1 903
