1000
488 767 115 349 358 67 973 985 797 457 11 512 819 308 395 358 46 67 545 918 901 831 227 343 432 726 883 862 94 416 923 33 166 72 545 688 978 830 533 215 771 225 926 893 630 587 457 773 438 600 795 677 991 402 639 372 309 356 866 967 859 551 23 454 371 110 720 113 907 970 935 691 99 101 265 933 65 634 578 669 381 24 397 865 520 271 341 233 63 963 837 67 621 959 734 625 153 7 411 857 636 552 756 148 47 694 816 816 848 863 580 844 656 879 471 694 197 913 324 652 873 277 702 32 73 490 850 305 458 492 549 138 363 575 391 544 606 850 259 246 62 25 216 975 676 616 948 872 827 51 975 515 563 149 556 126 855 728 392 130 505 758 190 292 781 445 362 575 112 709 993 614 443 729 76 498 708 443 591 95 996 809 315 772 335 320 17 624 8 157 950 10 169 521 703 156 737 727 261 668 386 701 706 941 125 1 341 636 43 708 78 74 416 495 721 56 181 219 247 320 509 300 144 949 836 56 30 24 10 837 486 135 543 785 93 543 594 588 638 533 6 851 763 436 26 975 615 551 720 437 824 196 701 776 349 891 432 242 433 670 613 684 239 306 26 487 879 783 939 764 190 931 179 201 147 819 461 503 439 2 581 797 715 883 636 198 769 576 964 973 129 200 312 644 982 672 298 12 620 487 647 649 678 357 985 712 674 275 84 575 470 894 651 981 50 264 755 889 248 639 163 249 348 318 587 119 569 821 701 320 228 494 756 61 504 99 749 503 637 762 712 184 111 549 614 652 458 168 414 189 191 856 223 292 358 469 947 779 725 309 142 319 801 555 321 649 344 76 859 236 460 662 949 103 776 984 821 66 556 663 979 907 79 191 710 346 431 2 384 424 264 347 926 993 582 743 329 727 936 224 896 950 435 107 572 194 694 891 98 374 782 922 290 740 895 214 248 33 886 228 108 42 441 355 761 12 635 217 683 829 674 731 213 354 990 800 639 804 860 856 684 483 391 599 67 63 13 856 766 923 811 479 855 840 450 596 448 333 587 377 25 883 836 325 751 122 388 878 614 409 547 114 371 898 690 920 907 767 326 240 232 192 719 652 332 43 756 394 635 774 658 190 384 183 894 799 118 783 226 687 340 574 49 955 431 668 226 882 942 624 821 716 972 194 774 170 84 46 449 876 712 884 746 681 863 738 856 582 975 870 128 383 645 191 817 951 493 103 874 260 453 824 349 864 17 307 72 422 582 254 874 166 517 514 752 964 719 959 946 700 637 742 842 953 908 412 233 748 703 1 994 128 611 534 502 159 308 218 458 570 622 526 274 819 14 899 696 884 872 440 692 531 112 305 454 50 745 627 18 330 235 429 10 641 999 206 74 201 847 951 581 816 260 414 112 561 457 859 460 737 779 100 275 350 769 895 622 962 925 255 507 840 96 754 790 707 933 95 878 256 595 801 164 595 802 678 53 993 182 925 340 875 531 96 338 698 778 343 505 341 845 597 404 848 866 695 876 756 618 535 923 535 28 672 766 523 781 607 97 650 55 568 919 882 72 292 515 138 341 352 957 107 214 156 954 589 690 708 400 679 962 421 221 671 428 137 230 244 254 501 89 26 405 317 509 369 819 294 206 745 281 932 73 172 139 707 582 196 166 388 546 470 581 604 99 659 341 887 874 298 917 975 919 335 154 701 96 485 750 445 155 564 659 698 99 377 175 643 725 768 616 399 63 316 793 137 185 342 917 962 928 829 429 223 861 188 819 829 588 603 212 5 997 451 474 830 429 465 556 526 76 279 750 303 200 429 402 837 183 180 759 634 949 161 961 123 428 313 332 73 163 525 303 121 352 281 850 804 376 493 809 336 611 590 809 753 720 502 627 344 355 649 600 400 1000 155 859 961 426 658 449 543 774 369 804 516 497 63 964 953 997 471 250 114 624 361 970 130 464 184 770 207 999 901 447 141 368 587 39 485 595 37 726 608 580 325 717 46 498 933 225 992 150 196 595 443 948 771 636 103 730 134 685 131 707 109 503 874 260 605 371 581 755 19 925 151 615 815 260 309 483 416 250 966 981 931 268 77 591 313 35 380 103 596 355 708 397 804 15 730 65 502 348 335 385 882 190 78 98 549 101 177 932 27 29 239 483 410 608 483 632 868 137 614 335 940 335 327 603 628 905 917 618 412 907 743 55 710 933 114 316 426 997 831 789 245 726 607 233 654 347 290 666 469 473 544 420 550 553 120 397 41 876 642 361 331 696 615 230 982 
1000
1 285
1 650
1 450
1 433
1 65
1 65
1 53
1 562
1 616
1 309
1 339
1 106
1 388
1 292
1 527
1 17
1 141
1 983
1 949
1 350
1 335
1 801
1 519
1 477
1 841
1 281
1 664
1 477
1 548
1 973
1 743
1 401
1 859
1 435
1 55
1 970
1 870
1 254
1 336
1 969
1 483
1 255
1 10
1 563
1 511
1 101
1 747
1 554
1 441
1 811
1 83
1 299
1 352
1 30
1 410
1 953
1 744
1 524
1 485
1 260
1 768
1 69
1 141
1 568
1 955
1 939
1 567
1 610
1 906
1 94
1 786
1 817
1 744
1 610
1 108
1 769
1 367
1 774
1 477
1 774
1 497
1 804
1 391
1 577
1 1
1 945
1 205
1 757
1 168
1 212
1 472
1 195
1 768
1 369
1 639
1 886
1 799
1 246
1 437
1 237
1 649
1 809
1 498
1 594
1 979
1 411
1 651
1 318
1 23
1 823
1 822
1 691
1 924
1 834
1 84
1 122
1 770
1 124
1 437
1 791
1 62
1 358
1 121
1 656
1 285
1 460
1 708
1 979
1 510
1 668
1 71
1 20
1 242
1 360
1 772
1 265
1 417
1 886
1 523
1 278
1 860
1 92
1 61
1 974
1 102
1 880
1 941
1 250
1 898
1 29
1 346
1 995
1 588
1 522
1 202
1 567
1 516
1 196
1 760
1 472
1 649
1 969
1 7
1 803
1 672
1 299
1 549
1 980
1 589
1 570
1 237
1 555
1 274
1 40
1 443
1 594
1 155
1 612
1 487
1 32
1 554
1 271
1 432
1 846
1 554
1 395
1 89
1 734
1 237
1 497
1 111
1 123
1 73
1 956
1 409
1 534
1 942
1 2
1 6
1 395
1 970
1 19
1 523
1 79
1 124
1 538
1 682
1 266
1 63
1 421
1 382
1 212
1 227
1 107
1 44
1 152
1 69
1 566
1 518
1 863
1 509
1 365
1 316
1 253
1 856
1 722
1 660
1 984
1 517
1 49
1 315
1 914
1 479
1 447
1 508
1 722
1 790
1 106
1 136
1 361
1 162
1 7
1 646
1 909
1 214
1 622
1 296
1 85
1 721
1 55
1 974
1 685
1 54
1 747
1 660
1 930
1 187
1 285
1 539
1 533
1 383
1 615
1 764
1 384
1 543
1 909
1 682
1 721
1 992
1 295
1 929
1 759
1 473
1 89
1 519
1 791
1 480
1 308
1 32
1 764
1 215
1 866
1 69
1 338
1 182
1 974
1 275
1 341
1 354
1 971
1 924
1 466
1 131
1 487
1 136
1 904
1 327
1 474
1 487
1 78
1 114
1 390
1 384
1 668
1 398
1 45
1 164
1 673
1 38
1 311
1 213
1 757
1 86
1 781
1 520
1 598
1 742
1 670
1 589
1 778
1 587
1 860
1 172
1 620
1 696
1 338
1 951
1 102
1 648
1 348
1 291
1 732
1 599
1 268
1 204
1 101
1 438
1 93
1 51
1 742
1 245
1 67
1 295
1 143
1 82
1 865
1 786
1 263
1 253
1 932
1 230
1 477
1 241
1 957
1 43
1 447
1 180
1 19
1 573
1 474
1 91
1 366
1 563
1 992
1 691
1 364
1 593
1 699
1 506
1 204
1 661
1 206
1 64
1 753
1 467
1 743
1 333
1 109
1 194
1 542
1 550
1 711
1 207
1 596
1 24
1 900
1 389
1 563
1 645
1 413
1 929
1 610
1 985
1 588
1 455
1 925
1 42
1 113
1 748
1 48
1 434
1 10
1 869
1 743
1 96
1 867
1 299
1 826
1 537
1 80
1 701
1 279
1 542
1 518
1 27
1 595
1 67
1 491
1 812
1 612
1 877
1 870
1 348
1 47
1 39
1 733
1 579
1 540
1 413
1 13
1 451
1 658
1 880
1 245
1 652
1 78
1 699
1 732
1 858
1 643
1 334
1 833
1 477
1 342
1 277
1 67
1 663
1 678
1 412
1 520
1 780
1 111
1 712
1 332
1 338
1 245
1 61
1 627
1 113
1 215
1 315
1 385
1 782
1 338
1 184
1 133
1 937
1 21
1 154
1 407
1 677
1 509
1 19
1 873
1 93
1 272
1 647
1 462
1 998
1 437
1 401
1 82
1 124
1 13
1 534
1 832
1 639
1 969
1 10
1 111
1 454
1 89
1 723
1 547
1 280
1 643
1 605
1 825
1 578
1 787
1 331
1 14
1 935
1 336
1 978
1 20
1 953
1 718
1 561
1 568
1 352
1 301
1 853
1 293
1 158
1 500
1 393
1 338
1 456
1 984
1 23
1 159
1 190
1 766
1 394
1 884
1 75
1 253
1 430
1 40
1 528
1 435
1 376
1 24
1 779
1 607
1 12
1 581
1 734
1 882
1 122
1 779
1 104
1 380
1 971
1 928
1 859
1 218
1 450
1 946
1 905
1 188
1 538
1 112
1 947
1 163
1 164
1 598
1 118
1 680
1 427
1 524
1 221
1 107
1 633
1 382
1 352
1 809
1 579
1 582
1 984
1 108
1 754
1 289
1 687
1 762
1 257
1 600
1 767
1 129
1 86
1 569
1 540
1 516
1 202
1 536
1 627
1 756
1 271
1 633
1 767
1 916
1 278
1 676
1 959
1 825
1 497
1 830
1 441
1 819
1 957
1 357
1 80
1 380
1 687
1 377
1 826
1 251
1 429
1 149
1 174
1 278
1 940
1 802
1 971
1 702
1 315
1 186
1 266
1 685
1 796
1 254
1 287
1 868
1 168
1 0
1 671
1 981
1 644
1 988
1 540
1 291
1 378
1 203
1 418
1 969
1 553
1 531
1 712
1 720
1 379
1 131
1 32
1 851
1 905
1 620
1 863
1 78
1 739
1 656
1 262
1 733
1 572
1 819
1 445
1 960
1 555
1 229
1 32
1 520
1 210
1 892
1 664
1 679
1 720
1 663
1 253
1 286
1 303
1 622
1 123
1 899
1 507
1 679
1 599
1 408
1 215
1 561
1 911
1 282
1 19
1 28
1 965
1 176
1 896
1 622
1 738
1 145
1 486
1 15
1 58
1 797
1 385
1 964
1 415
1 297
1 161
1 59
1 473
1 386
1 432
1 285
1 661
1 87
1 952
1 884
1 669
1 798
1 979
1 365
1 539
1 484
1 881
1 313
1 387
1 493
1 376
1 346
1 512
1 507
1 633
1 117
1 920
1 10
1 902
1 445
1 427
1 500
1 357
1 735
1 180
1 342
1 897
1 892
1 596
1 64
1 505
1 554
1 643
1 276
1 677
1 898
1 551
1 718
1 80
1 355
1 903
1 3
1 906
1 702
1 879
1 698
1 289
1 46
1 739
1 438
1 896
1 991
1 531
1 178
1 83
1 691
1 878
1 903
1 438
1 200
1 845
1 527
1 521
1 811
1 283
1 473
1 72
1 578
1 723
1 320
1 856
1 757
1 840
1 582
1 307
1 135
1 943
1 578
1 989
1 445
1 303
1 240
1 879
1 172
1 202
1 348
1 472
1 563
1 897
1 717
1 80
1 996
1 822
1 210
1 505
1 528
1 835
1 569
1 801
1 768
1 351
1 901
1 826
1 512
1 451
1 247
1 986
1 685
1 662
1 462
1 502
1 854
1 965
1 475
1 583
1 588
1 418
1 64
1 545
1 416
1 850
1 135
1 573
1 4
1 675
1 596
1 204
1 768
1 939
1 359
1 402
1 217
1 56
1 928
1 910
1 252
1 561
1 917
1 625
1 475
1 755
1 173
1 344
1 507
1 89
1 700
1 997
1 572
1 355
1 390
1 32
1 770
1 683
1 769
1 923
1 135
1 398
1 80
1 339
1 166
1 68
1 602
1 638
1 231
1 752
1 706
1 770
1 300
1 1
1 536
1 578
1 573
1 408
1 806
1 414
1 830
1 705
1 404
1 100
1 521
1 364
1 41
1 435
1 512
1 501
1 541
1 475
1 792
1 282
1 309
1 370
1 852
1 713
1 224
1 996
1 57
1 551
1 280
1 922
1 963
1 740
1 925
1 776
1 166
1 923
1 312
1 440
1 616
1 876
1 718
1 478
1 713
1 500
1 41
1 729
1 962
1 835
1 666
1 244
1 852
1 553
1 255
1 941
1 874
1 488
1 679
1 749
1 64
1 947
1 556
1 239
1 329
1 575
1 336
1 962
1 736
1 893
1 485
1 302
1 86
1 211
1 531
1 119
1 838
1 816
1 888
1 540
1 418
1 666
1 27
1 292
1 578
1 815
1 225
1 931
1 652
1 581
1 201
1 984
1 708
1 197
1 803
1 752
1 505
1 318
1 784
1 15
1 499
1 583
1 117
1 119
1 714
1 920
1 136
1 59
1 442
1 475
1 1000
1 795
1 494
1 19
1 415
1 761
1 792
1 969
1 93
1 494
1 300
1 722
1 114
1 450
1 856
1 291
1 239
