1000
90 974 600 973 168 266 749 551 67 964 564 520 286 91 981 819 939 666 303 10 562 578 551 691 939 83 266 187 895 456 142 553 184 298 692 823 496 265 973 690 822 486 588 894 82 865 593 133 965 431 459 625 121 443 962 4 556 653 424 202 118 738 657 910 730 507 169 936 190 774 246 544 646 354 700 816 384 320 890 362 963 147 693 115 45 845 793 78 655 161 998 790 48 196 169 481 206 887 564 849 268 478 180 325 62 295 769 79 227 721 902 327 528 439 273 58 681 333 28 666 614 665 581 222 356 510 880 856 955 585 799 646 205 946 262 428 400 104 638 619 161 126 150 573 259 229 745 347 387 283 553 500 573 572 0 621 665 367 125 531 866 735 38 137 16 311 79 510 209 916 614 6 172 982 95 62 542 238 147 582 804 429 986 489 807 546 44 365 55 728 835 20 391 19 657 657 931 48 751 304 471 7 924 325 463 176 369 308 799 938 76 181 874 621 465 643 313 836 214 831 247 559 829 11 631 735 400 578 125 448 649 338 518 359 575 394 735 386 235 446 364 746 665 40 484 239 944 646 488 647 688 583 323 782 741 866 244 775 496 904 421 209 511 301 250 187 810 4 810 563 646 67 665 983 947 345 207 957 267 891 134 227 226 831 46 816 758 31 954 376 783 516 253 882 786 478 33 262 112 662 460 668 585 196 328 642 739 282 799 621 267 649 360 630 742 92 737 155 509 3 868 879 670 899 370 487 338 525 423 744 53 429 487 287 149 161 752 949 492 974 347 632 163 273 967 606 695 8 892 978 688 916 65 740 852 636 508 281 655 962 679 508 752 442 218 760 600 230 643 712 648 415 877 355 761 271 153 207 118 865 836 654 252 112 301 119 383 298 138 543 259 964 527 248 618 42 1000 54 287 226 552 847 387 56 381 463 508 830 717 789 948 527 608 424 39 934 402 669 522 848 692 935 486 798 374 222 272 324 180 727 923 821 2 325 681 512 608 370 178 545 981 234 86 220 628 450 544 245 436 28 486 131 783 359 340 846 322 241 115 642 801 385 923 106 616 0 108 128 659 94 106 359 826 379 612 426 244 523 371 373 717 251 39 615 426 716 276 572 865 303 700 59 103 903 691 458 751 718 421 825 599 622 164 536 737 451 38 67 704 432 313 996 266 288 708 135 998 685 331 816 25 900 961 307 763 282 983 68 574 683 248 413 942 914 283 570 851 41 564 274 437 744 839 948 932 506 309 277 613 412 105 673 254 396 39 218 820 490 755 219 68 649 821 975 30 818 246 918 120 810 564 965 650 886 666 385 680 396 548 217 127 573 369 831 491 287 629 898 474 632 890 31 706 611 231 890 772 353 299 676 424 641 705 333 952 865 64 801 867 120 768 135 147 287 234 713 161 214 474 446 699 983 98 238 865 807 605 832 400 611 798 684 963 387 379 449 981 924 556 380 472 402 478 125 50 208 996 655 696 806 96 541 163 400 74 39 769 529 87 444 252 14 243 638 49 254 312 372 150 571 170 230 696 819 741 898 352 446 981 930 444 542 619 649 725 549 959 19 413 378 436 368 399 772 72 625 893 970 953 428 124 19 814 126 379 442 341 74 577 288 452 348 53 608 279 518 434 374 724 432 775 838 760 69 786 69 512 399 100 709 237 375 251 924 142 251 114 874 683 972 765 191 168 619 393 965 29 260 239 212 335 938 470 905 636 867 612 631 544 197 894 451 571 405 994 300 333 473 465 735 546 913 631 306 757 311 209 9 816 962 24 814 656 870 957 99 399 152 420 110 713 1000 379 755 241 545 684 157 459 386 519 481 351 710 392 388 862 976 171 759 414 150 616 997 139 436 416 286 229 377 757 96 474 988 826 63 802 412 357 194 613 947 391 647 872 371 908 696 365 741 818 107 509 264 442 7 203 821 17 566 139 479 869 620 664 486 129 83 662 170 234 67 849 665 106 132 689 695 707 19 30 928 203 608 359 591 395 759 803 389 886 364 795 904 593 618 555 682 597 422 795 216 251 569 741 1 950 769 11 642 756 14 809 661 914 532 633 685 631 417 267 70 78 870 161 997 383 999 218 846 338 790 147 520 975 268 573 756 430 196 878 773 476 104 189 165 680 518 235 134 655 190 557 685 306 205 895 305 661 976 311 107 942 805 611 375 333 159 938 651 955 697 460 318 957 591 534 820 266 104 86 584 848 383 110 520 776 815 483 695 479 776 336 661 147 765 549 163 954 400 521 46 274 862 904 848 478 77 985 976 
1000
1 600
1 301
1 390
1 140
1 790
1 392
1 283
1 613
1 783
1 205
1 869
1 102
1 981
1 985
1 486
1 737
1 435
1 394
1 690
1 324
1 582
1 245
1 56
1 596
1 851
1 440
1 677
1 905
1 862
1 52
1 581
1 184
1 197
1 273
1 425
1 957
1 652
1 107
1 308
1 326
1 604
1 406
1 173
1 190
1 622
1 471
1 262
1 701
1 969
1 769
1 679
1 936
1 743
1 877
1 65
1 307
1 345
1 18
1 103
1 186
1 153
1 956
1 388
1 143
1 196
1 36
1 121
1 53
1 396
1 909
1 700
1 397
1 384
1 569
1 376
1 262
1 940
1 973
1 803
1 766
1 191
1 489
1 126
1 801
1 335
1 570
1 856
1 628
1 962
1 157
1 150
1 322
1 240
1 874
1 629
1 499
1 783
1 544
1 692
1 716
1 440
1 665
1 561
1 695
1 894
1 564
1 166
1 26
1 589
1 973
1 604
1 242
1 760
1 177
1 617
1 874
1 139
1 165
1 1
1 143
1 607
1 794
1 394
1 881
1 596
1 38
1 47
1 994
1 528
1 203
1 212
1 223
1 577
1 102
1 845
1 750
1 201
1 365
1 804
1 34
1 243
1 104
1 249
1 277
1 73
1 411
1 688
1 137
1 337
1 710
1 748
1 709
1 898
1 323
1 484
1 839
1 7
1 542
1 444
1 553
1 832
1 261
1 595
1 434
1 85
1 973
1 268
1 392
1 60
1 641
1 560
1 389
1 302
1 616
1 199
1 963
1 918
1 491
1 802
1 242
1 486
1 372
1 251
1 98
1 481
1 182
1 431
1 813
1 339
1 29
1 913
1 409
1 42
1 453
1 292
1 496
1 177
1 766
1 278
1 195
1 401
1 43
1 364
1 603
1 685
1 203
1 882
1 577
1 639
1 554
1 993
1 479
1 894
1 611
1 635
1 599
1 693
1 94
1 261
1 176
1 328
1 622
1 541
1 271
1 627
1 175
1 94
1 963
1 171
1 93
1 438
1 389
1 719
1 535
1 720
1 90
1 387
1 323
1 903
1 702
1 533
1 166
1 302
1 898
1 535
1 360
1 549
1 766
1 306
1 440
1 599
1 975
1 819
1 293
1 476
1 768
1 410
1 926
1 419
1 292
1 142
1 857
1 74
1 242
1 925
1 567
1 344
1 494
1 808
1 904
1 654
1 397
1 811
1 411
1 643
1 484
1 496
1 141
1 699
1 547
1 869
1 175
1 964
1 157
1 942
1 575
1 949
1 566
1 902
1 222
1 901
1 700
1 94
1 167
1 715
1 28
1 377
1 778
1 410
1 659
1 188
1 997
1 851
1 112
1 715
1 148
1 553
1 332
1 878
1 832
1 613
1 930
1 402
1 274
1 826
1 166
1 753
1 473
1 334
1 812
1 258
1 450
1 837
1 545
1 139
1 520
1 795
1 414
1 202
1 649
1 131
1 805
1 789
1 944
1 236
1 395
1 231
1 728
1 523
1 561
1 448
1 717
1 755
1 906
1 580
1 106
1 55
1 117
1 364
1 582
1 445
1 835
1 937
1 889
1 357
1 618
1 616
1 702
1 988
1 368
1 266
1 882
1 733
1 173
1 329
1 559
1 283
1 477
1 201
1 483
1 973
1 960
1 86
1 737
1 441
1 123
1 372
1 675
1 882
1 498
1 225
1 849
1 802
1 739
1 607
1 781
1 74
1 205
1 114
1 975
1 428
1 868
1 294
1 106
1 571
1 148
1 52
1 778
1 317
1 773
1 825
1 528
1 621
1 222
1 421
1 121
1 808
1 537
1 963
1 942
1 283
1 615
1 395
1 368
1 445
1 900
1 852
1 290
1 262
1 997
1 219
1 188
1 634
1 278
1 632
1 848
1 629
1 18
1 540
1 563
1 954
1 3
1 453
1 995
1 732
1 800
1 281
1 308
1 400
1 576
1 920
1 529
1 576
1 387
1 305
1 150
1 740
1 555
1 553
1 954
1 291
1 324
1 383
1 16
1 886
1 7
1 247
1 534
1 316
1 358
1 777
1 143
1 482
1 365
1 884
1 941
1 170
1 22
1 806
1 856
1 671
1 324
1 170
1 958
1 232
1 636
1 405
1 234
1 78
1 511
1 277
1 999
1 487
1 807
1 667
1 604
1 194
1 468
1 350
1 840
1 23
1 887
1 325
1 545
1 836
1 976
1 209
1 996
1 899
1 918
1 420
1 144
1 310
1 908
1 264
1 178
1 678
1 943
1 75
1 392
1 849
1 579
1 32
1 638
1 100
1 470
1 506
1 952
1 891
1 462
1 122
1 750
1 389
1 961
1 769
1 146
1 241
1 992
1 210
1 810
1 894
1 475
1 7
1 968
1 264
1 250
1 990
1 859
1 999
1 88
1 278
1 255
1 23
1 227
1 862
1 129
1 215
1 447
1 89
1 353
1 395
1 362
1 19
1 738
1 857
1 694
1 885
1 795
1 596
1 45
1 579
1 694
1 260
1 153
1 975
1 298
1 803
1 345
1 375
1 243
1 851
1 966
1 255
1 748
1 869
1 433
1 757
1 483
1 663
1 693
1 800
1 839
1 269
1 19
1 615
1 467
1 0
1 403
1 294
1 402
1 443
1 691
1 569
1 795
1 940
1 518
1 65
1 873
1 753
1 548
1 926
1 65
1 432
1 958
1 916
1 262
1 323
1 711
1 621
1 637
1 670
1 35
1 602
1 29
1 513
1 200
1 782
1 705
1 231
1 251
1 372
1 232
1 825
1 51
1 386
1 752
1 884
1 630
1 166
1 899
1 878
1 425
1 325
1 716
1 9
1 181
1 14
1 315
1 234
1 964
1 395
1 896
1 770
1 944
1 211
1 369
1 96
1 452
1 872
1 648
1 703
1 684
1 424
1 488
1 513
1 197
1 148
1 655
1 647
1 750
1 267
1 440
1 55
1 465
1 28
1 487
1 12
1 332
1 587
1 716
1 213
1 872
1 25
1 256
1 298
1 175
1 69
1 509
1 455
1 323
1 618
1 742
1 439
1 825
1 867
1 762
1 395
1 647
1 5
1 643
1 675
1 43
1 851
1 384
1 722
1 194
1 701
1 834
1 819
1 127
1 600
1 743
1 72
1 650
1 312
1 438
1 667
1 156
1 669
1 954
1 933
1 19
1 851
1 742
1 90
1 430
1 601
1 671
1 122
1 696
1 854
1 870
1 634
1 375
1 386
1 86
1 987
1 146
1 923
1 930
1 206
1 752
1 808
1 796
1 738
1 373
1 620
1 469
1 442
1 162
1 785
1 32
1 845
1 788
1 287
1 627
1 790
1 491
1 729
1 569
1 75
1 115
1 176
1 414
1 583
1 604
1 601
1 233
1 600
1 718
1 839
1 55
1 312
1 707
1 568
1 305
1 431
1 953
1 791
1 866
1 882
1 751
1 121
1 547
1 236
1 880
1 352
1 832
1 65
1 460
1 456
1 404
1 222
1 861
1 346
1 197
1 417
1 169
1 829
1 594
1 815
1 665
1 275
1 448
1 759
1 306
1 847
1 700
1 574
1 774
1 52
1 600
1 430
1 687
1 700
1 358
1 61
1 201
1 505
1 627
1 753
1 901
1 216
1 208
1 88
1 663
1 358
1 626
1 778
1 535
1 538
1 148
1 612
1 428
1 974
1 800
1 770
1 277
1 249
1 736
1 438
1 615
1 665
1 215
1 575
1 575
1 618
1 944
1 714
1 435
1 418
1 245
1 489
1 400
1 430
1 427
1 871
1 790
1 181
1 32
1 702
1 630
1 514
1 730
1 90
1 899
1 238
1 848
1 990
1 716
1 605
1 521
1 854
1 822
1 160
1 748
1 341
1 44
1 108
1 726
1 379
1 271
1 679
1 639
1 252
1 482
1 306
1 686
1 940
1 840
1 290
1 854
1 62
1 962
1 354
1 729
1 109
1 742
1 58
1 877
1 488
1 7
1 466
1 576
1 57
1 483
1 398
1 419
1 623
1 663
1 986
1 716
1 560
1 316
1 377
1 67
1 646
1 513
1 333
1 108
1 635
1 774
1 634
1 485
1 741
1 62
1 584
1 275
1 997
1 363
1 335
1 302
1 261
1 682
1 703
1 807
1 724
1 77
1 593
1 29
1 414
1 841
1 610
1 11
1 55
1 954
1 140
1 544
1 229
1 149
1 726
1 555
1 764
1 767
1 815
1 41
1 223
1 931
1 785
1 558
1 193
1 89
1 535
1 173
1 135
1 906
1 200
1 942
1 234
1 652
1 909
1 865
1 187
1 69
1 274
1 656
1 865
1 574
1 922
1 9
1 749
1 983
1 956
1 271
1 41
1 647
1 997
1 949
1 152
1 142
1 343
1 383
1 435
1 24
1 70
1 234
1 686
1 132
1 776
1 651
1 494
1 732
1 895
1 400
1 816
1 456
1 585
1 74
1 366
1 958
