1000
32 666 539 940 420 871 936 674 332 743 160 517 400 763 490 308 881 553 533 767 353 941 84 931 647 676 730 880 890 808 465 957 340 124 328 765 653 241 45 639 234 976 709 57 434 27 52 316 958 696 135 341 737 657 323 963 217 194 381 736 39 19 297 285 529 275 141 369 874 877 211 818 532 354 855 697 501 62 490 338 828 728 241 367 886 833 874 446 146 612 212 121 827 304 774 567 266 601 110 897 905 187 13 911 364 257 174 713 887 728 432 524 603 925 459 748 737 355 159 52 419 183 608 831 470 194 937 126 720 312 670 139 866 668 651 978 801 567 768 956 499 33 386 681 237 424 288 475 703 198 680 362 991 930 931 809 24 867 651 545 261 831 924 432 526 829 954 763 152 844 102 560 846 385 224 307 868 909 500 605 407 529 325 926 567 634 418 584 192 522 860 136 242 698 977 107 850 692 500 613 824 795 111 708 59 158 723 477 740 831 909 360 807 766 439 482 735 61 984 470 621 548 115 690 531 634 399 922 439 968 940 171 544 953 372 930 281 718 362 827 424 164 959 962 419 569 775 659 343 694 472 906 254 308 661 460 867 469 587 795 522 638 110 659 128 774 964 232 29 693 979 551 603 759 310 967 374 372 831 274 342 45 862 501 934 662 356 619 825 163 967 678 384 45 933 285 252 22 998 99 76 418 696 153 447 99 885 642 69 472 161 844 956 812 611 577 346 177 491 650 883 240 182 486 517 773 711 432 918 35 727 45 689 205 275 228 182 995 105 996 12 259 518 452 471 414 17 463 478 417 672 503 589 606 251 463 538 879 134 498 626 533 396 893 481 661 876 528 709 103 385 220 47 736 349 594 913 557 900 121 421 225 649 908 608 493 869 820 390 198 4 545 819 308 635 243 720 861 219 817 158 491 503 502 839 833 962 54 828 312 815 930 234 136 496 251 955 256 898 941 286 618 183 481 688 469 349 729 63 575 554 832 743 601 736 522 348 210 143 261 964 127 750 277 261 777 206 642 946 309 434 531 404 261 981 658 251 653 56 521 295 409 277 127 611 418 779 952 867 911 978 533 756 942 213 936 402 134 31 330 44 225 219 663 735 399 592 731 149 149 612 295 31 902 685 248 61 200 10 74 885 358 137 906 967 663 890 461 55 25 664 889 172 940 394 28 106 785 253 502 854 763 941 755 637 542 443 207 887 72 399 27 25 447 712 728 735 332 967 104 801 128 183 588 545 139 748 154 830 463 470 666 76 832 214 153 635 307 563 38 715 946 908 407 339 56 899 34 387 127 965 878 309 187 528 458 515 378 584 742 296 187 692 140 40 207 5 629 205 478 808 912 992 104 526 164 516 388 276 984 839 709 884 196 724 136 165 13 773 539 470 996 767 622 394 96 790 46 14 392 859 78 140 288 645 125 826 746 403 233 267 893 495 280 722 327 273 685 838 122 655 837 284 142 618 629 468 496 362 336 786 847 839 874 408 286 20 423 623 386 295 738 54 191 203 765 240 786 793 713 492 164 551 4 148 721 121 707 342 195 410 384 391 833 650 767 691 843 668 861 238 497 21 92 698 955 750 946 779 585 154 59 426 629 710 870 945 912 653 450 126 565 904 260 163 475 224 496 439 916 875 229 27 617 882 230 925 663 537 587 17 618 635 714 684 289 745 497 660 353 975 478 281 379 123 357 85 854 397 950 989 862 482 942 850 969 578 233 243 733 796 109 173 336 123 410 829 281 12 46 974 718 164 716 756 898 552 667 849 62 220 584 695 47 19 401 598 861 103 187 922 725 855 690 138 243 243 867 589 132 767 813 923 525 704 467 355 573 674 198 645 680 164 854 319 675 754 175 958 696 409 185 948 72 239 529 857 576 232 416 723 804 717 768 991 706 979 25 639 956 763 829 602 274 399 632 499 113 836 39 995 675 995 835 237 984 345 191 427 18 668 892 162 952 894 244 52 275 790 520 507 680 458 638 699 992 275 737 76 890 852 459 468 825 2 771 113 252 387 898 724 806 356 32 183 214 680 477 374 875 983 543 821 801 372 899 599 646 598 703 228 275 973 686 110 599 547 975 184 833 550 660 89 862 638 755 365 762 794 453 261 399 617 115 246 241 169 611 650 273 83 691 994 699 194 196 412 684 468 87 370 33 806 607 762 760 177 810 897 381 332 235 296 188 892 318 375 848 250 787 299 968 658 340 754 684 519 319 326 517 768 521 184 840 970 171 401 970 361 962 54 960 197 304 381 576 23 401 763 576 
1000
1 168
1 249
1 609
1 864
1 217
1 956
1 267
1 704
1 251
1 36
1 546
1 187
1 502
1 700
1 364
1 288
1 550
1 7
1 390
1 955
1 813
1 664
1 519
1 607
1 985
1 424
1 804
1 665
1 246
1 945
1 734
1 798
1 831
1 698
1 339
1 684
1 205
1 925
1 781
1 156
1 639
1 49
1 554
1 603
1 705
1 139
1 701
1 427
1 905
1 330
1 154
1 171
1 425
1 514
1 82
1 371
1 166
1 926
1 775
1 208
1 363
1 418
1 482
1 41
1 918
1 285
1 415
1 149
1 654
1 338
1 629
1 148
1 832
1 637
1 287
1 552
1 661
1 920
1 490
1 634
1 179
1 602
1 764
1 306
1 142
1 502
1 456
1 221
1 710
1 567
1 670
1 904
1 635
1 395
1 656
1 860
1 194
1 107
1 87
1 42
1 67
1 866
1 668
1 769
1 812
1 710
1 432
1 79
1 954
1 750
1 407
1 802
1 936
1 587
1 903
1 549
1 301
1 794
1 761
1 691
1 56
1 535
1 471
1 660
1 721
1 68
1 588
1 575
1 872
1 451
1 61
1 615
1 264
1 28
1 132
1 432
1 655
1 959
1 448
1 871
1 975
1 691
1 892
1 336
1 150
1 9
1 675
1 648
1 170
1 236
1 995
1 789
1 298
1 471
1 559
1 322
1 866
1 490
1 788
1 637
1 722
1 972
1 81
1 961
1 348
1 704
1 551
1 658
1 855
1 624
1 601
1 367
1 784
1 955
1 374
1 910
1 513
1 45
1 909
1 695
1 70
1 324
1 858
1 181
1 561
1 853
1 941
1 844
1 328
1 737
1 734
1 330
1 937
1 18
1 904
1 463
1 352
1 442
1 858
1 437
1 611
1 810
1 493
1 950
1 490
1 930
1 141
1 322
1 480
1 714
1 467
1 481
1 396
1 580
1 759
1 102
1 714
1 650
1 311
1 467
1 35
1 888
1 899
1 150
1 151
1 396
1 209
1 647
1 358
1 919
1 427
1 153
1 632
1 784
1 92
1 105
1 750
1 769
1 711
1 945
1 719
1 989
1 227
1 292
1 680
1 795
1 97
1 264
1 744
1 489
1 557
1 841
1 552
1 613
1 608
1 777
1 36
1 218
1 456
1 206
1 793
1 98
1 74
1 762
1 365
1 979
1 640
1 612
1 680
1 361
1 860
1 887
1 815
1 567
1 465
1 556
1 565
1 554
1 126
1 768
1 467
1 369
1 132
1 253
1 401
1 405
1 212
1 136
1 473
1 146
1 907
1 327
1 952
1 949
1 400
1 689
1 114
1 812
1 452
1 182
1 184
1 187
1 482
1 916
1 384
1 453
1 756
1 396
1 709
1 796
1 656
1 550
1 649
1 510
1 974
1 14
1 96
1 699
1 531
1 219
1 729
1 708
1 691
1 870
1 507
1 27
1 596
1 286
1 542
1 7
1 737
1 844
1 977
1 551
1 971
1 308
1 258
1 404
1 485
1 373
1 440
1 135
1 638
1 759
1 436
1 792
1 680
1 844
1 939
1 314
1 497
1 879
1 897
1 63
1 507
1 331
1 617
1 922
1 84
1 414
1 992
1 46
1 448
1 972
1 173
1 224
1 183
1 405
1 445
1 105
1 372
1 306
1 927
1 839
1 727
1 461
1 73
1 731
1 683
1 362
1 508
1 100
1 807
1 742
1 21
1 599
1 594
1 496
1 901
1 483
1 77
1 998
1 458
1 599
1 145
1 818
1 999
1 574
1 357
1 881
1 723
1 78
1 767
1 66
1 888
1 464
1 284
1 766
1 483
1 800
1 161
1 684
1 112
1 905
1 890
1 235
1 796
1 357
1 796
1 763
1 293
1 155
1 580
1 27
1 232
1 377
1 11
1 274
1 432
1 789
1 496
1 506
1 348
1 334
1 234
1 606
1 441
1 512
1 666
1 786
1 977
1 397
1 426
1 596
1 578
1 169
1 757
1 648
1 474
1 754
1 50
1 229
1 277
1 410
1 684
1 124
1 86
1 644
1 450
1 254
1 648
1 261
1 330
1 266
1 960
1 809
1 4
1 754
1 551
1 133
1 342
1 762
1 956
1 25
1 149
1 54
1 811
1 626
1 716
1 840
1 996
1 689
1 311
1 218
1 470
1 720
1 888
1 592
1 440
1 793
1 790
1 80
1 133
1 243
1 914
1 330
1 293
1 807
1 872
1 979
1 935
1 507
1 283
1 767
1 507
1 676
1 223
1 979
1 116
1 745
1 804
1 407
1 743
1 462
1 396
1 727
1 130
1 414
1 599
1 182
1 480
1 849
1 397
1 977
1 191
1 544
1 387
1 376
1 233
1 327
1 645
1 37
1 32
1 284
1 189
1 87
1 629
1 264
1 466
1 753
1 379
1 853
1 643
1 343
1 132
1 2
1 754
1 656
1 1
1 377
1 459
1 893
1 669
1 266
1 448
1 663
1 259
1 972
1 33
1 354
1 848
1 824
1 264
1 359
1 73
1 234
1 139
1 929
1 623
1 546
1 731
1 608
1 298
1 832
1 885
1 941
1 0
1 938
1 517
1 663
1 26
1 438
1 106
1 522
1 56
1 487
1 187
1 56
1 883
1 131
1 308
1 871
1 29
1 590
1 32
1 215
1 94
1 423
1 714
1 802
1 733
1 766
1 153
1 326
1 442
1 35
1 645
1 500
1 155
1 876
1 277
1 550
1 462
1 547
1 294
1 994
1 788
1 789
1 284
1 924
1 628
1 248
1 168
1 306
1 91
1 140
1 734
1 167
1 803
1 384
1 222
1 694
1 121
1 90
1 527
1 832
1 20
1 147
1 686
1 449
1 172
1 471
1 664
1 551
1 109
1 738
1 6
1 7
1 689
1 880
1 566
1 316
1 255
1 221
1 771
1 46
1 526
1 712
1 758
1 978
1 749
1 511
1 825
1 511
1 512
1 794
1 949
1 953
1 729
1 199
1 739
1 783
1 314
1 867
1 318
1 863
1 440
1 461
1 493
1 62
1 501
1 717
1 315
1 222
1 574
1 336
1 181
1 399
1 593
1 321
1 647
1 251
1 969
1 15
1 444
1 937
1 312
1 373
1 264
1 11
1 724
1 166
1 265
1 505
1 284
1 660
1 278
1 415
1 33
1 79
1 585
1 520
1 265
1 567
1 117
1 476
1 944
1 907
1 171
1 446
1 560
1 265
1 900
1 618
1 227
1 320
1 1
1 923
1 580
1 778
1 245
1 532
1 479
1 144
1 635
1 741
1 557
1 287
1 944
1 451
1 690
1 719
1 407
1 45
1 497
1 185
1 838
1 463
1 917
1 983
1 771
1 9
1 551
1 770
1 145
1 645
1 338
1 436
1 529
1 814
1 729
1 741
1 231
1 410
1 217
1 522
1 190
1 926
1 611
1 409
1 404
1 297
1 203
1 509
1 287
1 44
1 101
1 988
1 940
1 976
1 98
1 470
1 392
1 833
1 781
1 366
1 905
1 7
1 928
1 462
1 31
1 993
1 62
1 69
1 779
1 773
1 156
1 159
1 0
1 495
1 785
1 611
1 675
1 157
1 151
1 639
1 402
1 109
1 276
1 22
1 517
1 180
1 373
1 833
1 679
1 965
1 413
1 873
1 654
1 668
1 757
1 703
1 37
1 114
1 329
1 908
1 373
1 211
1 294
1 773
1 517
1 546
1 975
1 317
1 133
1 608
1 925
1 179
1 752
1 76
1 437
1 298
1 881
1 268
1 89
1 5
1 743
1 665
1 733
1 500
1 998
1 998
1 698
1 57
1 926
1 695
1 573
1 830
1 594
1 693
1 651
1 165
1 425
1 681
1 559
1 971
1 846
1 43
1 313
1 84
1 477
1 319
1 911
1 748
1 1
1 366
1 645
1 780
1 339
1 112
1 115
1 564
1 170
1 4
1 906
1 509
1 308
1 818
1 791
1 307
1 241
1 942
1 233
1 819
1 670
1 39
1 33
1 675
1 67
1 738
1 954
1 223
1 160
1 600
1 323
1 674
1 687
1 444
1 718
1 240
1 722
1 57
1 621
1 869
1 624
1 722
1 198
1 984
1 59
1 104
1 623
1 326
1 511
1 88
1 306
1 67
1 45
1 153
1 988
1 105
1 625
1 867
1 764
1 493
1 85
1 458
1 986
1 335
1 222
1 26
1 183
1 941
1 878
1 460
1 488
1 879
1 471
1 854
1 714
1 264
1 903
1 241
1 278
1 918
1 696
1 433
1 476
1 866
1 848
1 858
1 695
1 695
1 91
1 363
1 594
1 56
1 63
1 232
1 385
1 449
1 558
1 309
1 232
1 823
1 640
1 202
1 991
1 427
1 392
1 948
1 664
1 483
1 590
1 545
1 175
1 336
1 839
1 770
1 749
1 50
1 367
1 463
1 76
1 326
1 168
1 570
1 343
1 609
1 961
1 857
