71 45
380255 951113 474250 858623 227641 705962 486628 947269 193588 172123 700866 33348 916076 621957 317864 71909 552104 883148 96436 737647 543170 983155 925356 654759 532011 997590 18522 702829 393911 322997 660184 407629 369855 677936 865229 353250 655096 203695 454481 155341 441552 456464 14635 694498 469315 555116 12029 412080 102405 269994 673188 768839 552411 934223 999007 603964 811333 830061 433089 194368 140365 119962 387097 748885 464125 929800 139462 321452 286864 658038 251759 
19
57
19
17
22
3
36
65
2
48
56
42
35
11
47
23
26
37
40
61
54
2
65
12
23
18
47
36
6
39
45
39
70
12
28
5
36
62
57
7
50
22
9
57
33
