86 25
873951 529487 129286 545253 837958 300342 546733 57125 578914 172796 991443 664476 918433 239774 878216 837438 420144 855806 426351 511933 96055 566616 981412 467188 184241 756780 855331 158447 40782 46763 781373 117567 339851 642831 239236 808415 934501 317594 497568 936054 999472 248222 125750 555922 443829 786028 86789 955132 35194 840706 475187 367460 458743 997899 356660 537942 770827 16414 135081 360663 3023 616298 386907 598877 140701 507924 287610 90044 679710 205051 145733 641399 593313 452261 114249 362127 454834 566315 424615 977593 651397 967209 882047 264873 907691 904206 
68
62
31
35
36
8
49
4
78
4
75
25
30
46
71
45
31
74
51
84
1
75
30
54
52
