90 98
804138 770104 96758 504999 304392 153853 372068 749734 98756 163283 14488 368806 394151 959745 767295 826304 698127 320388 642158 331574 395033 173233 86625 192821 574625 973986 173124 688839 13878 876546 770895 914169 983595 685425 729334 613025 649028 210546 946016 202775 375226 989119 860379 535955 762956 81386 333592 605490 775131 412787 269261 252690 670966 99343 2125 599533 176068 591567 473753 609277 509600 174672 156391 542042 845425 282400 997331 402574 301171 799358 341526 52450 210965 177035 285366 745610 272710 194031 112002 759497 411385 821706 277587 868060 72721 479705 812975 564032 989236 846728 
60
36
28
37
29
65
20
40
9
23
41
19
87
88
87
57
17
12
86
70
42
52
59
15
30
9
40
29
10
84
52
34
40
32
56
73
21
40
55
45
76
19
89
36
12
17
67
23
62
46
65
53
10
58
88
87
22
30
81
65
5
45
49
83
90
26
61
84
84
34
15
37
1
86
80
75
47
46
49
69
79
4
40
12
18
27
78
43
81
54
34
52
75
87
60
6
33
33
