74 92
736331 36530 912893 335809 323502 123794 571090 532770 376877 837678 426271 315898 469246 698059 743750 696016 804308 159861 49142 61383 312797 999436 106024 448543 400540 784268 424596 182425 782954 626418 415602 431419 543145 557415 815699 739251 703421 318508 301257 401715 577271 950021 156885 282909 175198 80433 73090 811593 847309 650543 561530 953598 267384 235453 585310 497562 837915 926723 672606 668655 381153 274638 983248 814059 180046 663453 691528 424309 973524 680173 572481 761006 909163 249235 
2
64
65
11
55
42
60
62
59
1
62
37
40
52
33
10
43
11
20
26
46
4
53
22
26
33
41
25
15
28
61
28
23
23
32
5
6
25
62
16
71
52
2
22
50
72
24
27
4
37
22
31
38
27
12
54
24
36
64
16
26
71
20
31
48
14
61
45
44
49
23
60
66
48
48
58
63
56
10
26
36
14
61
54
39
17
31
71
64
61
70
34
