100
64 31 59 6 76 52 47 88 73 76 38 19 16 43 78 29 74 82 48 58 34 88 47 79 19 30 10 66 49 27 100 20 26 74 6 70 66 59 76 36 66 15 87 79 20 32 50 81 4 20 20 58 37 13 94 37 42 21 90 40 99 59 75 8 55 94 69 32 35 20 39 39 85 5 47 48 45 1 74 30 32 67 89 40 43 48 15 86 22 100 57 93 41 19 34 56 77 2 30 43 
56 68
95 36
91 58
81 34
96 14
77 73
11 100
74 57
100 1
53 40
73 18
65 64
78 95
11 2
18 80
54 78
64 52
22 58
94 19
11 65
80 15
9 11
32 37
13 86
44 16
78 74
93 58
17 96
23 19
18 83
97 87
28 65
71 11
51 69
89 78
95 64
97 48
52 49
35 27
72 12
4 62
9 27
5 66
4 16
50 95
84 21
33 45
69 42
96 44
39 79
23 77
75 84
85 31
67 37
45 30
82 13
97 71
46 15
70 31
62 46
3 24
76 26
13 85
94 20
25 7
94 85
81 19
71 16
43 39
6 62
84 74
79 61
92 70
68 26
26 79
79 17
79 40
23 38
59 97
5 17
78 51
58 13
88 60
25 17
99 57
24 20
12 83
1 88
73 33
92 10
70 29
90 91
41 81
67 87
37 98
58 8
100 55
63 79
47 6
100
8 71 28
85 36 66
99 64 12
58 21 87
8 63 5
23 16 25
69 42 55
57 14 44
89 22 11
12 100 99
79 71 34
93 8 44
79 77 79
60 28 62
53 28 7
35 31 88
45 28 81
6 17 86
79 15 83
20 8 52
48 87 22
40 23 57
99 78 12
18 91 22
100 71 77
55 82 20
94 23 67
8 88 61
55 21 71
76 74 93
94 17 37
27 47 5
74 95 8
100 7 49
17 47 11
20 10 45
85 50 7
17 5 73
29 72 35
36 2 41
57 51 4
84 48 80
94 55 35
51 27 22
96 37 91
57 4 20
31 40 41
5 33 2
85 89 88
14 64 41
65 70 36
76 90 93
25 91 74
72 84 72
40 55 21
34 49 25
69 17 32
80 39 8
21 98 54
83 2 17
67 53 47
13 45 9
8 7 18
90 79 28
38 64 44
64 2 3
57 81 22
73 50 71
11 1 85
8 92 42
58 6 58
40 80 61
58 3 79
83 66 66
29 83 43
94 54 57
78 22 21
85 32 21
72 94 63
82 87 45
59 84 60
36 13 46
33 20 74
28 22 93
46 23 77
56 79 93
27 61 40
29 13 27
18 61 14
92 58 44
75 81 100
47 52 62
47 51 29
33 40 37
89 85 24
97 86 65
53 98 9
66 24 50
23 25 65
97 21 100
