100
64 31 59 6 76 52 47 88 73 76 38 19 16 43 78 29 74 82 48 58 34 88 47 79 19 30 10 66 49 27 100 20 26 74 6 70 66 59 76 36 66 15 87 79 20 32 50 81 4 20 20 58 37 13 94 37 42 21 90 40 99 59 75 8 55 94 69 32 35 20 39 39 85 5 47 48 45 1 74 30 32 67 89 40 43 48 15 86 22 100 57 93 41 19 34 56 77 2 30 43 
56 68
25 16
26 3
91 24
11 39
87 3
6 45
4 47
55 26
43 70
28 63
15 54
73 20
81 32
33 25
24 68
99 77
72 88
69 64
1 55
55 40
39 41
67 82
23 76
59 41
88 4
88 3
47 86
78 44
8 13
52 32
78 55
66 36
21 99
4 23
65 54
32 73
2 79
10 72
62 2
79 87
39 57
40 11
14 6
65 20
94 51
30 56
88 70
51 89
89 69
18 2
100 76
98 26
95 60
57 58
87 61
21 40
70 73
72 36
18 49
64 39
43 75
50 75
84 50
80 52
41 46
30 8
34 4
24 59
67 95
30 74
3 71
9 30
78 63
49 27
55 7
38 90
31 27
74 82
48 67
33 87
75 19
62 12
18 97
92 71
85 58
64 35
17 86
10 38
85 45
53 33
93 43
49 37
4 22
14 5
29 54
42 86
12 96
83 60
100
3 58 80
41 89 14
31 46 15
66 67 33
7 88 2
90 39 78
99 82 29
2 29 62
58 68 85
7 62 50
40 19 24
95 71 37
35 59 78
4 83 86
51 78 63
19 97 55
75 43 61
74 22 69
7 64 42
52 68 58
83 27 54
65 93 37
85 57 5
6 29 84
29 80 96
73 87 69
53 67 39
68 20 40
91 1 12
20 85 35
7 96 35
72 90 59
42 3 44
30 47 74
47 23 33
33 16 88
57 55 26
20 78 57
50 75 98
31 89 58
44 68 39
34 98 49
43 53 78
46 39 36
3 27 32
7 99 8
45 82 62
56 29 65
78 23 26
3 9 63
89 70 90
35 83 22
27 25 49
23 95 14
47 56 79
55 89 9
59 70 26
43 18 73
24 30 85
2 89 72
24 28 9
49 90 57
95 85 44
21 64 17
95 78 6
4 65 7
85 46 36
30 44 11
61 57 65
44 4 81
98 10 69
2 47 41
11 10 28
60 35 36
53 67 67
22 39 66
91 86 20
12 27 37
86 74 10
5 84 49
27 61 45
29 86 23
89 87 66
1 1 34
49 75 51
25 95 75
82 84 26
58 15 64
40 6 8
12 55 77
44 82 46
5 70 49
1 24 67
20 19 3
58 30 1
37 31 92
90 33 20
68 37 39
9 3 7
14 98 1
